ADABUSD,ALGOBUSD,ATOMBUSD,BATBUSD,BCHBUSD,BNBBUSD,BNTBUSD,BTCBUSD,BTTBUSD,DASHBUSD,ENJBUSD,EOSBUSD,ETCBUSD,ETHBUSD,ICXBUSD,LINKBUSD,LTCBUSD,NANOBUSD,NEOBUSD,ONTBUSD,QTUMBUSD,RVNBUSD,TOMOBUSD,TRXBUSD,VETBUSD,WAVESBUSD,XLMBUSD,XMRBUSD,XRPBUSD,XTZBUSD,ZECBUSD
1.35460000,1.40220000,22.77500000,1.26650000,997.00000000,623.39000000,6.90130000,57755.90000000,0.00724350,319.93000000,2.76990000,6.46040000,36.35900000,2775.51000000,2.59800000,38.17500000,271.53000000,8.48630000,97.03900000,1.83930000,15.04200000,0.17187000,2.51140000,0.13257000,0.20113000,23.26800000,0.53000000,422.29000000,1.60120000,5.61750000,245.67000000,
1.19224000,1.36890000,19.11100000,1.14320000,541.45000000,302.58070000,7.45460000,58772.47000000,0.00507400,222.78000000,2.55567000,4.80460000,14.12690000,1919.86000000,3.04490000,29.42790000,196.84000000,5.21310000,50.82600000,1.73390000,9.38300000,0.18822000,2.67560000,0.09308000,0.08768200,11.94390000,0.40584000,246.09000000,0.56983000,4.82610000,158.41000000,
1.31525000,1.02430000,17.66500000,0.52950000,461.01000000,210.58090000,4.82300000,45226.61000000,0.00114710,197.12000000,0.57748000,3.48140000,10.38300000,1421.69000000,1.39550000,24.73330000,165.54000000,4.95530000,35.32600000,0.84500000,4.85700000,0.13044000,1.70150000,0.04572000,0.03978200,8.90260000,0.40641000,219.55000000,0.41633000,3.43000000,111.40000000,
0.34497000,0.65350000,8.14300000,0.30210000,399.87000000,44.39160000,1.87530000,33111.96000000,0.00038220,102.38000000,0.34314000,2.93380000,7.41830000,1313.69000000,0.72060000,22.61170000,129.51000000,3.44440000,22.26800000,0.58000000,3.27300000,0.02454000,1.25570000,0.03154000,0.02540400,6.53300000,0.30727000,137.98000000,0.49589000,2.84660000,85.63000000,
0.18151000,0.33620000,6.48400000,0.19950000,342.37000000,37.40740000,1.26550000,28969.01000000,0.00028870,99.61000000,0.12997000,2.59350000,5.66200000,737.33000000,0.46610000,11.24710000,124.38000000,1.02640000,14.25200000,0.44280000,2.21700000,0.01261000,0.67660000,0.02684000,0.01874600,6.21620000,0.12802000,156.69000000,0.21976000,2.01320000,63.99000000,
0.17212000,0.32950000,5.57900000,0.24350000,317.71000000,31.49290000,1.01800000,19700.79000000,0.00037970,112.92000000,0.14849000,3.26250000,6.74850000,616.85000000,0.43890000,14.27370000,87.65000000,1.21180000,18.57300000,0.59830000,2.93700000,0.01452000,0.70140000,0.03240000,0.01597600,7.05620000,0.20260000,130.61000000,0.66501000,2.49570000,78.99000000,
0.09311000,0.24850000,4.60900000,0.18560000,262.30000000,28.53000000,0.59170000,13803.15000000,0.00030160,70.05000000,0.12678000,2.53190000,5.27660000,386.75000000,0.31730000,11.23110000,55.77000000,0.74780000,14.69800000,0.44400000,1.96500000,0.01137000,0.54510000,0.02579000,0.00990800,3.22710000,0.07783000,126.33000000,0.24002000,1.97760000,58.22000000,
0.10138000,0.34690000,5.36500000,0.23970000,227.99000000,29.25610000,1.16430000,10775.29000000,0.00033500,68.72000000,0.16067000,2.57680000,5.38920000,359.75000000,0.42140000,9.87270000,46.14000000,0.83140000,19.00000000,0.62640000,2.42700000,0.01418000,1.12240000,0.02619000,0.01351600,2.56950000,0.07476000,108.22000000,0.24173000,2.19910000,63.93000000,
0.12255000,0.50200000,7.21300000,0.34870000,273.76000000,23.15360000,1.78130000,11653.66000000,0.00044910,86.32000000,0.21495000,3.20840000,6.58910000,433.91000000,0.59470000,15.58110000,60.94000000,1.14200000,20.42700000,0.88400000,3.37300000,0.02241000,1.04110000,0.02919000,0.01738300,3.60270000,0.09681000,93.17000000,0.28121000,3.24550000,78.35000000,
0.13897000,0.32800000,3.80000000,0.25330000,301.10000000,20.68600000,1.67020000,11352.64000000,0.00038480,82.47000000,0.17451000,3.09870000,7.41380000,346.82000000,0.37430000,7.81520000,58.23000000,0.93430000,12.25700000,0.71600000,2.42700000,0.02060000,0.85720000,0.01971000,0.01723700,1.52340000,0.09694000,84.63000000,0.25984000,2.84450000,74.98000000,
0.08297000,0.20860000,2.60000000,0.25160000,221.97000000,15.39450000,1.05180000,9134.64000000,0.00029450,68.10000000,0.16728000,2.36690000,5.73130000,225.40000000,0.28900000,4.57220000,41.23000000,0.93560000,10.04700000,0.57420000,1.64500000,0.01894000,0.48720000,0.01637000,0.00882800,1.12460000,0.06680000,63.50000000,0.17531000,2.35720000,51.45000000,
0.07385000,0.23360000,2.73300000,0.21100000,238.57000000,17.08360000,0.61340000,9441.94000000,0.00029820,76.34000000,0.20612000,2.67130000,6.92670000,231.32000000,0.32560000,4.09360000,45.60000000,0.86640000,10.92900000,0.55090000,1.75100000,0.01962000,0.38660000,0.01582000,0.00625900,1.09220000,0.07048000,65.19000000,0.20247000,2.80000000,51.59000000,
0.04754000,0.20980000,2.73200000,0.18330000,250.38000000,16.96930000,0.20500000,8625.69000000,0.00025700,80.82000000,0.13668000,2.82530000,6.43060000,206.30000000,0.27900000,3.70900000,46.36000000,0.62620000,8.90100000,0.48670000,1.54000000,0.01894000,0.35610000,0.01520000,0.00435800,1.05490000,0.06711000,61.90000000,0.21160000,2.75440000,44.81000000,
0.03065000,0.15440000,1.95500000,0.14190000,218.78000000,12.57140000,0.17370000,6427.47000000,0.00022290,65.68000000,0.09299000,2.21380000,4.95870000,133.06000000,0.21280000,2.26230000,39.19000000,0.47410000,6.86600000,0.37520000,1.22100000,0.01516000,0.24280000,0.01162000,0.00312100,0.99670000,0.04090000,48.13000000,0.17398000,1.60990000,31.00000000,
0.04712000,0.32360000,3.44000000,0.21310000,307.43000000,19.26890000,0.26740000,8524.53000000,0.00036270,85.19000000,0.09616000,3.51480000,7.34480000,217.48000000,0.29520000,4.06190000,58.03000000,0.73940000,11.16000000,0.66680000,2.02800000,0.02547000,0.49140000,0.01648000,0.00562000,1.13530000,0.05684000,65.97000000,0.22889000,2.74460000,49.12000000,
0.05364000,,,,374.65000000,18.22030000,,9336.29000000,,,,4.11980000,11.31510000,179.72000000,,2.81910000,67.55000000,,,,2.12900000,,,0.01863000,0.00573900,,0.06049000,,0.23895000,,,
0.03280000,,,,203.63000000,13.68620000,,7168.84000000,,,,2.58380000,4.48540000,128.74000000,,1.75040000,41.16000000,,,,1.60300000,,,0.01325000,0.00522900,,0.04472000,,0.19235000,,,
0.04038000,,,,217.63000000,15.74020000,,7549.51000000,,,,2.75530000,3.94690000,151.50000000,,2.24100000,47.25000000,,,,,,,0.01549000,,,0.05732000,,0.22592000,,,
,,,,,19.89180000,,9147.08000000,,,,,4.81320000,182.37000000,,2.73200000,58.29000000,,,,,,,,,,,,0.29480000,,,
,,,,,15.79320000,,8263.50000000,,,,,,,,,,,,,,,,,,,,,,,,
