ADAUSDT,ALGOUSDT,ANKRUSDT,ATOMUSDT,BATUSDT,BNBUSDT,BTCUSDT,BTTUSDT,CELRUSDT,COSUSDT,DASHUSDT,DOGEUSDT,DUSKUSDT,ENJUSDT,EOSUSDT,ETCUSDT,ETHUSDT,FETUSDT,FTMUSDT,GTOUSDT,HOTUSDT,ICXUSDT,IOSTUSDT,IOTAUSDT,LINKUSDT,LTCUSDT,MATICUSDT,MITHUSDT,NANOUSDT,NEOUSDT,NULSUSDT,OMGUSDT,ONEUSDT,ONGUSDT,ONTUSDT,QTUMUSDT,TFUELUSDT,THETAUSDT,TRXUSDT,VETUSDT,WAVESUSDT,WINUSDT,XLMUSDT,XMRUSDT,XRPUSDT,ZECUSDT,ZILUSDT,ZRXUSDT
1.76630000,1.51510000,0.15808000,28.71200000,1.41190000,661.74000000,58240.84000000,0.00735810,0.05555000,0.03185000,406.96000000,0.57063000,0.27810000,2.43490000,10.52830000,117.90400000,3923.95000000,0.53163000,0.91838000,0.07683000,0.01442000,2.64220000,0.06341900,2.26470000,52.26900000,387.80000000,0.96945000,0.10691000,9.47830000,119.59900000,1.28800000,11.62740000,0.13121000,1.03380000,2.69340000,27.36500000,0.38740000,11.95600000,0.14295000,0.23386000,31.61900000,0.00124450,0.62804000,484.00000000,1.53450000,305.40000000,0.23506000,1.95630000,
1.32670000,1.38770000,0.17123000,23.08800000,1.25470000,621.78000000,56578.21000000,0.00698490,0.07056000,0.03618000,315.17000000,0.37397000,0.27980000,2.62590000,6.52550000,44.92000000,2949.56000000,0.63506000,0.75338000,0.08849000,0.01552800,2.50850000,0.06299200,2.04330000,39.46100000,268.88000000,0.82132000,0.13354000,10.09530000,106.81700000,1.13940000,7.83790000,0.14035000,1.00300000,1.88190000,15.23700000,0.35685000,10.94600000,0.12759000,0.21488000,23.80500000,0.00131710,0.55601000,404.46000000,1.56050000,243.30000000,0.20442000,1.86600000,
1.09130000,1.09390000,0.12597000,18.68700000,1.02670000,505.00000000,49066.77000000,0.00640660,0.04340000,0.02529000,247.06000000,0.25159000,0.21040000,2.03130000,4.99920000,29.31500000,2320.49000000,0.35865000,0.30598000,0.06261000,0.01174800,1.73320000,0.04594900,1.63970000,31.69200000,223.88000000,0.38426000,0.07783000,7.03520000,79.59600000,0.89200000,6.19730000,0.09564000,0.75330000,1.33910000,11.93800000,0.26626000,9.16700000,0.10176000,0.16830000,12.93600000,0.00106400,0.41620000,355.44000000,1.03510000,202.31000000,0.14111000,1.34080000,
1.27693000,1.45730000,0.16572400,21.40300000,1.34840000,481.43670000,56150.01000000,0.00803140,0.06052000,0.03634000,317.23000000,0.32232990,0.31950000,2.69255000,7.28540000,37.07280000,2235.64000000,0.54358000,0.42310000,0.08364000,0.01706080,2.35400000,0.07899300,2.37210000,39.07990000,273.36000000,0.36329000,0.11485000,11.38000000,119.84100000,1.50610000,8.42100000,0.12835000,1.29610000,2.36970000,18.38000000,0.31804600,11.76513000,0.14302000,0.25332100,13.59510000,0.00140893,0.54459000,338.48000000,1.40797000,260.05000000,0.20169000,1.76200000,
1.26355000,1.52120000,0.14639800,23.36500000,1.43820000,525.92750000,60002.43000000,0.00844680,0.06350000,0.03878000,286.79000000,0.07433000,0.36930000,3.11876000,6.72660000,20.37090000,2151.36000000,0.63278000,0.45817000,0.13147000,0.01974570,2.57830000,0.05735100,2.09960000,33.88110000,252.31000000,0.36920000,0.14642000,5.83470000,63.92200000,1.36140000,9.61930000,0.14247000,1.21350000,1.97090000,14.94000000,0.35421800,12.19659000,0.12214000,0.13939400,15.60800000,0.00170152,0.58440000,328.90000000,1.35118000,222.31000000,0.20445000,2.13060000,
1.18206000,1.30940000,0.16129000,21.52500000,1.17510000,348.86170000,58202.01000000,0.01028590,0.07657000,0.04266000,270.78000000,0.05739430,0.40200000,2.40641000,6.28000000,14.54890000,2075.69000000,0.72304000,0.40800000,0.06866000,0.02724430,2.61050000,0.05254700,1.55350000,30.74710000,202.21000000,0.36072000,0.09000000,5.35990000,54.56700000,1.29740000,7.84510000,0.15868000,1.21400000,1.75360000,10.77000000,0.41023100,11.78727000,0.12761000,0.09242300,12.18240000,0.00226846,0.42851000,263.60000000,0.63500000,187.14000000,0.22159000,1.83500000,
1.18983000,1.23540000,0.16641000,19.33100000,1.12080000,268.42630000,55777.63000000,0.00361000,0.08853000,0.04275000,207.72000000,0.05366560,0.35360000,2.51112000,4.11060000,11.86440000,1687.01000000,0.77916000,0.39324000,0.04341000,0.01018720,2.33990000,0.04915400,1.39080000,26.65880000,184.24000000,0.34624000,0.06858000,4.52260000,44.76300000,0.92590000,5.88200000,0.20116000,0.87810000,1.51670000,8.20700000,0.39938400,12.86302000,0.06362000,0.09073300,11.80430000,0.00036750,0.39755000,232.66000000,0.54552000,144.87000000,0.17151000,1.45420000,
1.18561000,1.17940000,0.07479800,20.52000000,1.12470000,264.65130000,57351.56000000,0.00363010,0.07533000,0.03765000,221.01000000,0.05747810,0.36970000,2.43244000,4.15360000,11.98110000,1782.98000000,0.64182000,0.42543000,0.04244000,0.00800670,1.93700000,0.05500000,1.41010000,29.20970000,195.31000000,0.38016000,0.05201000,5.00570000,42.42100000,0.83950000,5.57710000,0.17651000,0.79150000,1.18350000,6.59600000,0.33298300,9.62516000,0.06337000,0.09380200,9.95000000,0.00041209,0.40347000,231.66000000,0.51651000,148.18000000,0.17484000,1.45800000,
1.05243000,1.11680000,0.06803700,18.44400000,0.76620000,263.23800000,58968.31000000,0.00168180,0.05433000,0.03036000,231.17000000,0.05822100,0.29640000,2.33000000,3.92560000,12.72140000,1848.10000000,0.68704000,0.38919000,0.03303000,0.00727370,1.73880000,0.04350200,1.31100000,28.54690000,213.94000000,0.38043000,0.03254000,5.05360000,39.61600000,0.83220000,5.06650000,0.08120000,0.77640000,1.06550000,5.83200000,0.37420200,7.33788000,0.05105000,0.06607400,9.73880000,0.00028000,0.38831000,232.25000000,0.43905000,143.18000000,0.16415000,1.32470000,
1.13042000,1.10690000,0.03531500,19.45800000,0.69480000,240.11000000,50971.75000000,0.00125230,0.02800000,0.01731000,214.79000000,0.05198710,0.24420000,1.41057000,3.83100000,11.54660000,1726.16000000,0.37246000,0.44404000,0.02371000,0.00303840,1.95800000,0.04531900,1.31120000,28.59320000,190.75000000,0.21235000,0.02394000,5.18000000,39.27900000,0.65020000,5.12800000,0.03705000,0.78880000,1.04890000,6.35000000,0.14699400,4.33521000,0.05173000,0.05667000,10.14710000,0.00021383,0.41265000,208.99000000,0.46558000,130.08000000,0.11801000,1.42040000,
1.31203000,1.02180000,0.02612600,17.64900000,0.52800000,210.21380000,45135.66000000,0.00114220,0.02342000,0.01281000,196.77000000,0.04815820,0.19010000,0.57548000,3.47650000,10.36560000,1419.18000000,0.24682000,0.42300000,0.01948000,0.00242560,1.39190000,0.03504800,1.12470000,24.70160000,165.22000000,0.23290000,0.02168000,4.94980000,35.26100000,0.48720000,4.26480000,0.02414000,0.51860000,0.84730000,4.85500000,0.09210600,3.13475000,0.04562000,0.03973500,8.90260000,0.00019915,0.40587000,219.18000000,0.41565000,111.31000000,0.10752000,1.21150000,
1.09894000,1.30550000,0.02810500,21.56900000,0.60660000,295.25970000,57408.57000000,0.00173780,0.02223000,0.01768000,301.52000000,0.05601830,0.24590000,0.57323000,5.10080000,15.66900000,1933.53000000,0.29609000,0.34721000,0.02503000,0.00378000,2.04160000,0.05626800,1.40900000,34.09150000,227.13000000,0.16231000,0.02410000,6.83000000,54.90000000,0.68180000,6.33250000,0.02938000,0.64190000,1.41370000,7.11800000,0.09014600,3.56677000,0.05935000,0.05482600,12.35640000,0.00025727,0.49601000,247.28000000,0.54468000,161.87000000,0.13737000,1.72320000,
0.84364000,1.47060000,0.02696400,19.08400000,0.55860000,135.86230000,48577.79000000,0.00113890,0.02193000,0.01708000,230.69000000,0.06267830,0.19100000,0.55135000,5.06670000,16.07200000,1800.42000000,0.24813000,0.16872000,0.02432000,0.00128040,1.46520000,0.03101400,1.19030000,33.15650000,213.49000000,0.10002000,0.02147000,5.85060000,43.94200000,0.71520000,6.69030000,0.03506000,0.36570000,1.16370000,6.98600000,0.05747400,3.18318000,0.05519000,0.05216100,11.80030000,0.00024811,0.51591000,230.14000000,0.59211000,156.33000000,0.13325000,1.79520000,
0.66109000,0.84480000,0.01734000,13.84100000,0.40700000,68.35420000,38795.69000000,0.00049880,0.01048000,0.01082000,118.31000000,0.07792470,0.10050000,0.38024000,3.44000000,8.27870000,1611.62000000,0.18214000,0.13254000,0.02242000,0.00080000,0.82490000,0.01883800,0.55870000,24.72540000,150.76000000,0.06646000,0.01349000,3.58260000,24.52600000,0.38650000,4.62050000,0.01065000,0.24830000,0.69350000,4.24600000,0.03559000,2.29069000,0.03597000,0.02913900,8.05080000,0.00012825,0.38540000,150.31000000,0.41849000,92.30000000,0.07598000,1.40990000,
0.34475000,0.65160000,0.01155700,8.14500000,0.30280000,44.32920000,33092.98000000,0.00038180,0.00865000,0.00955000,102.42000000,0.03700000,0.07230000,0.34366000,2.92970000,7.41550000,1312.55000000,0.09803000,0.12800000,0.01364000,0.00075280,0.72020000,0.01575500,0.40790000,22.56130000,129.36000000,0.03831000,0.01258000,3.43350000,22.27600000,0.29860000,3.52370000,0.00861000,0.20270000,0.57920000,3.28300000,0.02786700,1.91015000,0.03154000,0.02539700,6.54380000,0.00010564,0.30704000,137.73000000,0.49507000,85.65000000,0.06918000,0.70640000,
0.35345000,0.56230000,0.01136700,8.24000000,0.31850000,41.82630000,32259.90000000,0.00037740,0.00747000,0.00823000,106.16000000,0.00871350,0.07050000,0.42099000,2.71350000,7.62940000,1392.51000000,0.08779000,0.05700000,0.01275000,0.00069260,0.75980000,0.01772400,0.45630000,24.79350000,141.01000000,0.03310000,0.01067000,3.36790000,24.40100000,0.34770000,3.58880000,0.00744000,0.22340000,0.61090000,3.54500000,0.02850100,1.95055000,0.02999000,0.03060600,6.98330000,0.00009679,0.27138000,138.03000000,0.27339000,90.00000000,0.06907000,0.54830000,
0.38081000,0.58590000,0.00964400,8.54400000,0.27360000,45.86750000,35828.61000000,0.00035800,0.00730000,0.00802000,124.26000000,0.00909870,0.06020000,0.23114000,2.76400000,7.68400000,1232.45000000,0.09487000,0.02998000,0.01429000,0.00070620,0.66250000,0.02065300,0.43570000,23.28190000,142.80000000,0.03416000,0.00948000,3.41600000,23.84100000,0.28040000,3.72360000,0.00709000,0.23300000,0.67270000,3.18800000,0.02652300,2.00854000,0.03020000,0.02715200,7.37680000,0.00008861,0.30380000,159.65000000,0.27746000,102.25000000,0.07341000,0.59420000,
0.30153000,0.45780000,0.00923000,6.40900000,0.25740000,42.40310000,38150.02000000,0.00042890,0.00722000,0.00763000,146.54000000,0.00982000,0.05770000,0.18527000,3.05520000,8.83460000,1254.25000000,0.06990000,0.02518000,0.01056000,0.00097350,0.63420000,0.01012300,0.42700000,16.20600000,170.07000000,0.03024000,0.00989000,3.20540000,24.92100000,0.27160000,3.65260000,0.00682000,0.23120000,0.65360000,3.38300000,0.02626300,1.98621000,0.03275000,0.02707000,6.52730000,0.00008068,0.28450000,184.89000000,0.31491000,96.37000000,0.07285000,0.52760000,
0.20615000,0.42530000,0.00861000,5.82900000,0.21700000,41.25750000,33000.05000000,0.00031280,0.00538000,0.00764000,89.65000000,0.00982090,0.04700000,0.13500000,2.79850000,6.56780000,978.28000000,0.05671000,0.01871000,0.00883000,0.00075080,0.48640000,0.00572600,0.30980000,13.68140000,161.24000000,0.01997000,0.00982000,1.71290000,16.02400000,0.22000000,3.04980000,0.00488000,0.20250000,0.50300000,2.46600000,0.03210700,2.12597000,0.02949000,0.02622600,5.55810000,0.00006646,0.13653000,138.26000000,0.22540000,59.35000000,0.06763000,0.39230000,
0.15467000,0.31900000,0.00898700,4.84200000,0.20870000,33.67400000,26281.66000000,0.00029800,0.00497000,0.00642000,107.48000000,0.00454700,0.04820000,0.13666000,2.71670000,5.81010000,685.11000000,0.05313000,0.01664000,0.01234000,0.00057390,0.40140000,0.00578500,0.29700000,12.15410000,127.88000000,0.01832000,0.01775000,1.11460000,15.11200000,0.22960000,2.64410000,0.00492000,0.19490000,0.44980000,2.27500000,0.02702000,1.35045000,0.02889000,0.01654200,6.39950000,0.00006325,0.14527000,156.99000000,0.28407000,66.97000000,0.07637000,0.37380000,
0.16201000,0.33970000,0.01131400,5.03600000,0.23210000,34.31480000,23455.52000000,0.00033660,0.00574000,0.00698000,109.56000000,0.00463810,0.05540000,0.15236000,3.13610000,6.49490000,638.18000000,0.05643000,0.02084000,0.01268000,0.00059630,0.42770000,0.00646900,0.32430000,13.06040000,114.58000000,0.01918000,0.00816000,1.08260000,17.54100000,0.29400000,3.17000000,0.00528000,0.20860000,0.55050000,2.80200000,0.01639000,0.91500000,0.03122000,0.01632500,7.17410000,0.00007926,0.17666000,152.42000000,0.55586000,73.69000000,0.04627000,0.39530000,
0.15406000,0.30920000,0.00876300,5.19500000,0.21310000,29.15710000,19174.99000000,0.00032000,0.00522000,0.00658000,97.61000000,0.00326000,0.05560000,0.14378000,2.85070000,6.12090000,590.70000000,0.05199000,0.01993000,0.00708000,0.00054800,0.38710000,0.00590500,0.30140000,12.93920000,82.28000000,0.01817000,0.00516000,1.08830000,17.26100000,0.25910000,3.27790000,0.00541000,0.20930000,0.51820000,2.55700000,0.01392800,0.72938000,0.02921000,0.01647000,8.64190000,0.00008031,0.17610000,152.12000000,0.51365000,68.25000000,0.03278000,0.39610000,
0.15873000,0.33670000,0.00901800,5.21300000,0.23710000,29.50260000,19359.40000000,0.00034500,0.00512000,0.00637000,102.09000000,0.00338570,0.04990000,0.15257000,2.99690000,6.17080000,601.54000000,0.05201000,0.02195000,0.00683000,0.00059530,0.41340000,0.00602700,0.33830000,13.50570000,83.55000000,0.01956000,0.00561000,1.08980000,17.89000000,0.25810000,3.70100000,0.00511000,0.24190000,0.55540000,2.65300000,0.01195600,0.69941000,0.03091000,0.01714400,8.43310000,0.00007629,0.17593000,134.33000000,0.62107000,74.61000000,0.03538000,0.39990000,
0.16663000,0.31710000,0.00942400,5.42900000,0.23630000,30.10450000,18184.99000000,0.00031870,0.00571000,0.00631000,108.15000000,0.00343650,0.04960000,0.14362000,3.03110000,6.39260000,576.30000000,0.04992000,0.01931000,0.00679000,0.00057330,0.40790000,0.00600200,0.34350000,13.38000000,78.91000000,0.01888000,0.00614000,1.17500000,17.68400000,0.25030000,3.77980000,0.00541000,0.28140000,0.56820000,2.73400000,0.00945700,0.61777000,0.03072000,0.01515100,7.03310000,0.00007783,0.19423000,123.94000000,0.60543000,75.06000000,0.02928000,0.41510000,
0.14599000,0.29800000,0.00925000,5.48100000,0.22000000,30.02260000,18414.43000000,0.00031180,0.00505000,0.00595000,90.45000000,0.00334150,0.05300000,0.14540000,3.06330000,6.03160000,560.03000000,0.05424000,0.01890000,0.00737000,0.00055640,0.38860000,0.00523200,0.31960000,14.50980000,82.87000000,0.01913000,0.00532000,0.85280000,17.18000000,0.25320000,3.90190000,0.00519000,0.12380000,0.55300000,2.55700000,0.00897300,0.64934000,0.02875000,0.01390500,7.06960000,0.00009221,0.10426000,123.65000000,0.44611000,68.79000000,0.02260000,0.39730000,
0.10046000,0.25690000,0.00823400,4.97900000,0.19360000,27.67860000,15957.00000000,0.00029030,0.00424000,0.00580000,74.98000000,0.00277180,0.04230000,0.14405000,2.49610000,5.02410000,448.08000000,0.04241000,0.01769000,0.00647000,0.00048040,0.34100000,0.00483000,0.25030000,12.11920000,62.28000000,0.01641000,0.00489000,0.73740000,15.31700000,0.24070000,3.32170000,0.00474000,0.11580000,0.46300000,1.97800000,0.00853300,0.60341000,0.02533000,0.01103900,4.36530000,0.00008930,0.08009000,114.60000000,0.26954000,61.16000000,0.01994000,0.35920000,
0.10655000,0.26670000,0.00870000,4.80900000,0.19840000,28.41010000,15475.10000000,0.00029560,0.00415000,0.00594000,68.06000000,0.00270700,0.04830000,0.13634000,2.53610000,5.18010000,454.30000000,0.04196000,0.01934000,0.00641000,0.00046930,0.35120000,0.00508100,0.26620000,12.71000000,61.02000000,0.01570000,0.00521000,0.78440000,15.45000000,0.21150000,3.19070000,0.00502000,0.11920000,0.47080000,2.02700000,0.00916800,0.66452000,0.02535000,0.01112200,3.51860000,0.00009200,0.08150000,120.33000000,0.25374000,60.61000000,0.01930000,0.36680000,
0.09827000,0.25890000,0.00733500,4.74300000,0.19070000,28.53180000,13761.50000000,0.00029710,0.00395000,0.00585000,68.79000000,0.00257450,0.05320000,0.12697000,2.51850000,5.24340000,396.67000000,0.04523000,0.01611000,0.00552000,0.00045130,0.33770000,0.00498400,0.25270000,11.57220000,55.60000000,0.01414000,0.00439000,0.74230000,14.94100000,0.21140000,3.13910000,0.00485000,0.10710000,0.45470000,2.00800000,0.00916100,0.61157000,0.02574000,0.01050500,3.22310000,0.00009530,0.07861000,127.08000000,0.23999000,58.17000000,0.01794000,0.33800000,
0.10639000,0.30210000,0.00977600,5.29200000,0.21510000,30.12800000,13028.83000000,0.00032780,0.00431000,0.00643000,71.06000000,0.00265280,0.03920000,0.14392000,2.70740000,5.55850000,405.86000000,0.05110000,0.02423000,0.00642000,0.00048820,0.37110000,0.00539000,0.27820000,12.14810000,58.84000000,0.01727000,0.00518000,0.84320000,17.86500000,0.23550000,3.34930000,0.00471000,0.12550000,0.53660000,2.22900000,0.01000100,0.69502000,0.02699000,0.01179000,3.27840000,0.00008270,0.08304000,131.08000000,0.25313000,62.77000000,0.01895000,0.36870000,
0.10735000,0.31550000,0.00868800,5.76200000,0.21400000,30.65930000,11503.14000000,0.00034260,0.00462000,0.00726000,67.29000000,0.00258740,0.03990000,0.15078000,2.54590000,5.22820000,378.11000000,0.04868000,0.02618000,0.00694000,0.00047860,0.38500000,0.00554300,0.27250000,10.94090000,47.54000000,0.01688000,0.00511000,0.81770000,17.42800000,0.25420000,3.40190000,0.00544000,0.12190000,0.55620000,2.21600000,0.00985800,0.66983000,0.02594000,0.01162700,3.05670000,0.00007680,0.07942000,124.44000000,0.24221000,64.42000000,0.01840000,0.38870000,
0.10648000,0.33190000,0.00671000,6.07200000,0.22160000,28.52710000,11369.02000000,0.00034760,0.00445000,0.00770000,71.71000000,0.00267010,0.04560000,0.15879000,2.65760000,5.42800000,374.16000000,0.05378000,0.03247000,0.00762000,0.00049700,0.39590000,0.00594500,0.28230000,10.85150000,50.48000000,0.01780000,0.00539000,0.82560000,17.78700000,0.27300000,3.65380000,0.00530000,0.12670000,0.59210000,2.35400000,0.00990500,0.74501000,0.02656000,0.01143600,2.44770000,0.00008120,0.07713000,125.81000000,0.25544000,72.46000000,0.02056000,0.39050000,
0.09686000,0.31200000,0.00724300,5.31400000,0.22350000,28.96680000,10666.63000000,0.00032960,0.00469000,0.00743000,66.39000000,0.00263300,0.03940000,0.15222000,2.51760000,5.15350000,352.37000000,0.05235000,0.03188000,0.00714000,0.00046500,0.39420000,0.00550200,0.27500000,9.39220000,46.69000000,0.01858000,0.00521000,0.76900000,18.12500000,0.28010000,3.62950000,0.00537000,0.12350000,0.59890000,2.30600000,0.00995200,0.77240000,0.02644000,0.01165700,2.36990000,0.00008300,0.07290000,105.46000000,0.24794000,63.12000000,0.02129000,0.37640000,
0.10130000,0.32090000,0.00689600,4.72700000,0.22940000,26.25100000,10774.25000000,0.00030340,0.00511000,0.00810000,68.78000000,0.00269540,0.04450000,0.16988000,2.58970000,5.44400000,357.49000000,0.05924000,0.03972000,0.00806000,0.00047320,0.41550000,0.00581500,0.25970000,10.79390000,46.05000000,0.01875000,0.00551000,0.82710000,21.14700000,0.26230000,3.08440000,0.00512000,0.12040000,0.66240000,2.37000000,0.01055200,0.74923000,0.02659000,0.01274100,2.48350000,0.00008550,0.07335000,97.09000000,0.24334000,55.55000000,0.01548000,0.39530000,
0.08936000,0.32730000,0.00615300,4.66400000,0.23760000,26.31600000,10920.28000000,0.00032920,0.00517000,0.00780000,70.77000000,0.00277290,0.05110000,0.16018000,2.67150000,5.08950000,371.04000000,0.06626000,0.03455000,0.00885000,0.00052550,0.45850000,0.00618000,0.26270000,9.73570000,47.09000000,0.02188000,0.00572000,0.79600000,23.57900000,0.26330000,2.89760000,0.00553000,0.13350000,0.71300000,2.52000000,0.00912700,0.55705000,0.02694000,0.01447600,2.43890000,0.00008710,0.07693000,92.63000000,0.24652000,57.60000000,0.01572000,0.39530000,
0.09507000,0.37740000,0.00765200,5.32000000,0.25790000,31.16560000,10332.83000000,0.00033990,0.00687000,0.00784000,75.53000000,0.00278300,0.06010000,0.16116000,2.72490000,5.06000000,366.42000000,0.07655000,0.02678000,0.00891000,0.00054460,0.47920000,0.00737200,0.28100000,12.06700000,48.15000000,0.01976000,0.00691000,0.87540000,20.33900000,0.30100000,3.84230000,0.00742000,0.14850000,0.77080000,2.64800000,0.00916600,0.54238000,0.03065000,0.01281000,3.07760000,0.00010510,0.08001000,86.18000000,0.24218000,62.54000000,0.01668000,0.49050000,
0.09260000,0.37570000,0.00827500,5.17800000,0.25820000,23.14200000,10256.20000000,0.00034170,0.00654000,0.00730000,70.12000000,0.00278590,0.06360000,0.15969000,2.90240000,5.14920000,352.80000000,0.08408000,0.03366000,0.00965000,0.00054020,0.44010000,0.00507300,0.28630000,12.80440000,47.92000000,0.01868000,0.00701000,0.83980000,17.15600000,0.30960000,3.92190000,0.00718000,0.13990000,0.64330000,2.42200000,0.00855000,0.42602000,0.03142000,0.01235400,2.47100000,0.00011270,0.07742000,80.15000000,0.23986000,58.92000000,0.01528000,0.46050000,
0.11747000,0.51810000,0.01480000,7.62100000,0.34570000,23.62080000,11711.16000000,0.00045840,0.01146000,0.00960000,88.27000000,0.00329810,0.08670000,0.21843000,3.26140000,6.69070000,428.94000000,0.12439000,0.03597000,0.01137000,0.00074200,0.61530000,0.00688200,0.36500000,16.47880000,62.89000000,0.02718000,0.01050000,1.17140000,20.66200000,0.46920000,5.48570000,0.01058000,0.19660000,0.89100000,3.44900000,0.01109900,0.49811000,0.02696000,0.01711300,3.37860000,0.00011960,0.09821000,96.25000000,0.28302000,81.11000000,0.02327000,0.63640000,
0.12141000,0.61320000,0.01313800,8.53200000,0.40240000,21.85550000,11648.13000000,0.00041710,0.01073000,0.00937000,91.41000000,0.00339550,0.08210000,0.22097000,3.32120000,6.75880000,390.71000000,0.11671000,0.03312000,0.00956000,0.00077450,0.61330000,0.00724200,0.38520000,15.14280000,60.55000000,0.02530000,0.00980000,1.30540000,18.17000000,0.47940000,6.41000000,0.01060000,0.19840000,0.88860000,3.98800000,0.01183100,0.48402000,0.02435000,0.01788900,3.49900000,0.00010890,0.10293000,91.26000000,0.28480000,84.36000000,0.02144000,0.72230000,
0.13882000,0.62910000,0.01409400,6.24300000,0.32440000,23.52900000,11911.00000000,0.00051660,0.01265000,0.00967000,95.06000000,0.00353020,0.10830000,0.21471000,3.88000000,7.24790000,433.62000000,0.13610000,0.02611000,0.01115000,0.00090700,0.53680000,0.00703400,0.42320000,18.80610000,63.87000000,0.03014000,0.01178000,1.16290000,15.49000000,0.50850000,2.79420000,0.01303000,0.19680000,0.89130000,3.33600000,0.00951500,0.39647000,0.02824000,0.01984200,4.03410000,0.00011780,0.11517000,91.20000000,0.30455000,85.30000000,0.02632000,0.60920000,
0.14512000,0.42450000,0.01319800,5.27300000,0.26690000,22.42200000,11681.68000000,0.00042270,0.01013000,0.00904000,97.72000000,0.00346640,0.08630000,0.22091000,3.02720000,6.87980000,390.14000000,0.09382000,0.01806000,0.00987000,0.00083220,0.42580000,0.00613200,0.34800000,13.81040000,56.96000000,0.02268000,0.01088000,1.05520000,12.99700000,0.52180000,1.71200000,0.01029000,0.19300000,0.79740000,2.71700000,0.00879200,0.32145000,0.02045000,0.02192900,1.94790000,0.00011950,0.10505000,92.90000000,0.28790000,92.01000000,0.02515000,0.43820000,
0.13375000,0.30160000,0.00523500,3.91200000,0.24290000,20.98980000,11071.35000000,0.00038390,0.00605000,0.00769000,85.29000000,0.00333120,0.05780000,0.17523000,2.94410000,7.19390000,372.42000000,0.07163000,0.01305000,0.00827000,0.00076350,0.37420000,0.00541400,0.28840000,8.28140000,56.77000000,0.02002000,0.00877000,0.97790000,12.16000000,0.44720000,1.58430000,0.00804000,0.16930000,0.68810000,2.40300000,0.00840700,0.27995000,0.01907000,0.01620700,1.59900000,0.00007790,0.10251000,85.00000000,0.28803000,84.31000000,0.01782000,0.37950000,
0.14849000,0.32110000,0.00638900,3.81000000,0.25420000,19.55570000,9931.54000000,0.00038940,0.00744000,0.00936000,75.30000000,0.00323230,0.05590000,0.17916000,2.71210000,6.63580000,311.00000000,0.05289000,0.01511000,0.00943000,0.00074930,0.38630000,0.00598000,0.26890000,7.50220000,48.10000000,0.02072000,0.01048000,0.95710000,11.62000000,0.45940000,1.62290000,0.00766000,0.17880000,0.70780000,2.35700000,0.00818800,0.25083000,0.01852000,0.01755400,1.52500000,0.00007980,0.09902000,78.16000000,0.21532000,66.15000000,0.01798000,0.38500000,
0.12402000,0.38830000,0.00612300,4.20200000,0.27450000,18.01540000,9208.99000000,0.00039040,0.00497000,0.00951000,70.35000000,0.00338110,0.05510000,0.20740000,2.58450000,6.10040000,239.11000000,0.05423000,0.01281000,0.00858000,0.00072580,0.42230000,0.00603900,0.24780000,8.07840000,42.64000000,0.02126000,0.00848000,1.01880000,10.65100000,0.46420000,1.55370000,0.00643000,0.18590000,0.75150000,2.34400000,0.00838900,0.24120000,0.01753000,0.01801700,1.45720000,0.00007370,0.10010000,68.91000000,0.19956000,58.38000000,0.01790000,0.41990000,
0.12685000,0.27900000,0.00422700,4.02300000,0.26000000,18.29940000,9302.75000000,0.00041920,0.00500000,0.00930000,72.05000000,0.00363580,0.03880000,0.17690000,2.61710000,6.46030000,242.79000000,0.04318000,0.01173000,0.00857000,0.00070000,0.39760000,0.00636800,0.25110000,7.33450000,44.70000000,0.02122000,0.00652000,1.04610000,10.79700000,0.51770000,1.53940000,0.00603000,0.18990000,0.67430000,2.04500000,0.00962800,0.28050000,0.01818000,0.01815500,1.21110000,0.00007570,0.09532000,69.22000000,0.20128000,58.65000000,0.01945000,0.42700000,
0.09813000,0.21540000,0.00336200,2.93000000,0.24620000,15.48850000,9069.41000000,0.00032450,0.00390000,0.00848000,67.24000000,0.00230290,0.03070000,0.17281000,2.40720000,5.64980000,227.56000000,0.02799000,0.01106000,0.00762000,0.00055800,0.34610000,0.00686600,0.23530000,4.74390000,41.58000000,0.01908000,0.00577000,0.92870000,10.07000000,0.62520000,1.49510000,0.00493000,0.20690000,0.61470000,1.77400000,0.00805700,0.21596000,0.01688000,0.01430700,1.11600000,0.00007290,0.06717000,63.33000000,0.17695000,51.16000000,0.01869000,0.41640000,
0.08028000,0.20800000,0.00300200,2.50400000,0.26350000,15.37820000,9116.35000000,0.00029410,0.00375000,0.00753000,67.70000000,0.00231420,0.02930000,0.15626000,2.36680000,5.75110000,224.93000000,0.02662000,0.00601000,0.00704000,0.00053500,0.28760000,0.00562500,0.20880000,4.56680000,41.37000000,0.02003000,0.00552000,0.97160000,10.04500000,0.52670000,1.42530000,0.00464000,0.25770000,0.59450000,1.61500000,0.00843400,0.22443000,0.01577000,0.00869000,1.13390000,0.00007190,0.06424000,63.29000000,0.17693000,51.81000000,0.01791000,0.33120000,
0.07841000,0.23210000,0.00279800,2.59900000,0.24230000,15.97750000,9294.69000000,0.00030060,0.00406000,0.00896000,70.14000000,0.00242950,0.03370000,0.17002000,2.51400000,6.21250000,228.04000000,0.03117000,0.00730000,0.00845000,0.00057150,0.31800000,0.00597000,0.21770000,4.18120000,43.00000000,0.02137000,0.00625000,1.07720000,10.29800000,0.41250000,1.45120000,0.00490000,0.14940000,0.58490000,1.72900000,0.00925900,0.22057000,0.01582000,0.00862600,1.19970000,0.00007450,0.06850000,64.48000000,0.18602000,50.51000000,0.01987000,0.34670000,
0.07642000,0.23290000,0.00232300,2.75600000,0.22360000,16.57290000,9342.10000000,0.00030120,0.00384000,0.00874000,72.56000000,0.00249720,0.02970000,0.18106000,2.56810000,6.31650000,231.77000000,0.02905000,0.00657000,0.00777000,0.00059310,0.32210000,0.00560700,0.22150000,3.93710000,44.05000000,0.02056000,0.00585000,1.04710000,10.61500000,0.35340000,1.56400000,0.00420000,0.12250000,0.54890000,1.72000000,0.01008700,0.23149000,0.01616000,0.00864000,1.17480000,0.00007850,0.07077000,65.39000000,0.19022000,51.10000000,0.02291000,0.35660000,
0.08657000,0.23200000,0.00239200,3.02000000,0.23460000,17.41350000,9746.99000000,0.00032490,0.00311000,0.00924000,77.99000000,0.00259870,0.03030000,0.19704000,2.80980000,6.83260000,244.56000000,0.02752000,0.00631000,0.00762000,0.00062790,0.33400000,0.00516500,0.24120000,4.34650000,46.63000000,0.02031000,0.00541000,1.05640000,11.77600000,0.33750000,1.69610000,0.00395000,0.12570000,0.57290000,1.80700000,0.00801900,0.26517000,0.01820000,0.00724600,1.14430000,0.00008940,0.07880000,66.39000000,0.20329000,52.21000000,0.02231000,0.32200000,
0.07390000,0.23320000,0.00220400,2.72800000,0.21130000,17.09160000,9448.27000000,0.00029850,0.00280000,0.00787000,76.33000000,0.00255990,0.02670000,0.20685000,2.67310000,6.93880000,231.57000000,0.02233000,0.00556000,0.00691000,0.00062700,0.32720000,0.00471000,0.21970000,4.13100000,45.61000000,0.02048000,0.00465000,0.87280000,10.94500000,0.31160000,1.50810000,0.00366000,0.11650000,0.54830000,1.74700000,0.00850900,0.24692000,0.01582000,0.00624700,1.09450000,0.00008440,0.07050000,64.94000000,0.20245000,51.51000000,0.01475000,0.31640000,
0.05125000,0.19720000,0.00185600,2.49500000,0.19310000,15.96240000,8720.34000000,0.00026750,0.00261000,0.00873000,71.67000000,0.00244610,0.02800000,0.16501000,2.48790000,6.58190000,199.90000000,0.01999000,0.00550000,0.00662000,0.00053150,0.30330000,0.00377300,0.18950000,3.79170000,42.08000000,0.01927000,0.00468000,0.88150000,9.63100000,0.22590000,1.53670000,0.00342000,0.09850000,0.46600000,1.56000000,0.01788200,0.34231000,0.01421000,0.00446700,1.01170000,0.00007940,0.06390000,60.64000000,0.19256000,45.00000000,0.00985000,0.30050000,
0.05129000,0.19790000,0.00167600,2.54400000,0.20510000,16.29590000,9680.04000000,0.00027070,0.00259000,0.00684000,75.03000000,0.00253310,0.02080000,0.16216000,2.62050000,6.65750000,207.00000000,0.02058000,0.00458000,0.00592000,0.00053900,0.27700000,0.00350200,0.19940000,3.78150000,43.71000000,0.02025000,0.00379000,0.73160000,10.15600000,0.22450000,0.97210000,0.00321000,0.09180000,0.47000000,1.54700000,0.00253400,0.19206000,0.01500000,0.00442600,1.04970000,0.00007290,0.06873000,65.22000000,0.20131000,46.25000000,0.01058000,0.37290000,
0.04755000,0.19190000,0.00151500,2.51400000,0.19570000,15.35060000,8722.77000000,0.00025470,0.00183000,0.00475000,72.10000000,0.00246020,0.01890000,0.14216000,2.44340000,6.19090000,187.54000000,0.01768000,0.00358000,0.00508000,0.00046880,0.26320000,0.00335200,0.18340000,3.75820000,42.06000000,0.01533000,0.00352000,0.60570000,9.72500000,0.19790000,0.67500000,0.00263000,0.09880000,0.46370000,1.44200000,0.00186200,0.14191000,0.01426000,0.00416500,0.95520000,0.00007430,0.06405000,58.85000000,0.19702000,40.90000000,0.00688000,0.39580000,
0.04898000,0.20550000,0.00154500,2.77400000,0.18470000,17.10710000,8894.16000000,0.00029650,0.00196000,0.00546000,81.07000000,0.00250010,0.02300000,0.13582000,2.83870000,7.20770000,209.86000000,0.02005000,0.00459000,0.00548000,0.00050450,0.27380000,0.00380400,0.18270000,3.70920000,48.05000000,0.01711000,0.00389000,0.64670000,9.06900000,0.21860000,0.72660000,0.00243000,0.09740000,0.48730000,1.58400000,0.00206000,0.14434000,0.01599000,0.00433200,1.06240000,0.00008670,0.07300000,62.37000000,0.21936000,44.78000000,0.00606000,0.20630000,
0.04593000,0.22570000,0.00148800,2.80800000,0.18400000,16.35880000,7693.10000000,0.00024930,0.00203000,0.00550000,84.12000000,0.00240760,0.02140000,0.14149000,2.73750000,6.21590000,197.38000000,0.01874000,0.00418000,0.00532000,0.00034550,0.29890000,0.00357700,0.17640000,3.72100000,44.52000000,0.01563000,0.00384000,0.60250000,8.63100000,0.21180000,0.66040000,0.00264000,0.09380000,0.49320000,1.53200000,0.00186900,0.11209000,0.01426000,0.00448000,1.05220000,0.00008890,0.06188000,61.33000000,0.19618000,44.59000000,0.00507000,0.19860000,
0.03549000,0.18750000,0.00138100,2.38200000,0.16470000,16.06830000,7120.74000000,0.00022770,0.00162000,0.00532000,80.23000000,0.00203130,0.01910000,0.09930000,2.59800000,5.47960000,180.03000000,0.01555000,0.00327000,0.00514000,0.00033480,0.23780000,0.00327700,0.15580000,3.59020000,42.23000000,0.01287000,0.00365000,0.57910000,7.61400000,0.19600000,0.57990000,0.00236000,0.08550000,0.40950000,1.39100000,0.00163900,0.08174000,0.01290000,0.00390400,1.01380000,0.00008700,0.04880000,57.05000000,0.18901000,46.44000000,0.00424000,0.17120000,
0.03347000,0.17730000,0.00137800,2.29900000,0.15980000,14.28080000,6903.79000000,0.00023100,0.00162000,0.00534000,74.10000000,0.00196730,0.01790000,0.08803000,2.49800000,5.31450000,158.59000000,0.01505000,0.00336000,0.00605000,0.00033460,0.23230000,0.00316900,0.16160000,3.41890000,42.00000000,0.01222000,0.00352000,0.53600000,7.35600000,0.19410000,0.56460000,0.00224000,0.08490000,0.40170000,1.36000000,0.00170800,0.07894000,0.01266000,0.00368100,0.99650000,0.00008330,0.04895000,53.68000000,0.18939000,36.38000000,0.00423000,0.16820000,
0.03190000,0.17180000,0.00144500,2.06400000,0.14600000,13.68880000,6772.78000000,0.00023310,0.00161000,0.00529000,66.89000000,0.00185000,0.01870000,0.09335000,2.35050000,5.02960000,142.68000000,0.01437000,0.00317000,0.00457000,0.00032850,0.23100000,0.00315700,0.14860000,2.26350000,40.31000000,0.01142000,0.00346000,0.59740000,7.01700000,0.19610000,0.54160000,0.00235000,0.08460000,0.38170000,1.25800000,0.00171500,0.08015000,0.01257000,0.00323000,0.94860000,0.00008250,0.04350000,53.15000000,0.17925000,32.52000000,0.00433000,0.15360000,
0.02806000,0.14410000,0.00138000,1.85000000,0.13030000,11.30080000,5881.42000000,0.00020390,0.00145000,0.00438000,60.46000000,0.00170990,0.01600000,0.08165000,2.11330000,4.81260000,124.50000000,0.01250000,0.00273000,0.00421000,0.00030910,0.17890000,0.00274300,0.13150000,2.00830000,37.11000000,0.01001000,0.00297000,0.43530000,6.17900000,0.15330000,0.46820000,0.00199000,0.07890000,0.34700000,1.14100000,0.00157800,0.06537000,0.01066000,0.00272100,0.77100000,0.00007420,0.03773000,44.04000000,0.16278000,28.22000000,0.00353000,0.14410000,
0.02703000,0.14550000,0.00120100,1.91700000,0.12370000,11.16700000,5816.19000000,0.00020370,0.00137000,0.00459000,62.44000000,0.00172640,0.01570000,0.07000000,2.13440000,4.59350000,122.32000000,0.01187000,0.00251000,0.00429000,0.00030460,0.18370000,0.00295900,0.12600000,1.98980000,35.40000000,0.01005000,0.00295000,0.40090000,5.94700000,0.13910000,0.47700000,0.00194000,0.07220000,0.34540000,1.14700000,0.00158700,0.06342000,0.01030000,0.00261000,0.84520000,0.00006740,0.03679000,38.21000000,0.14776000,29.49000000,0.00359000,0.14050000,
0.02693000,0.14710000,0.00122500,1.92100000,0.12340000,10.38980000,5361.30000000,0.00021280,0.00138000,0.00558000,47.31000000,0.00169320,0.01600000,0.05047000,2.04470000,5.04840000,123.78000000,0.01147000,0.00275000,0.00461000,0.00031170,0.18850000,0.00276100,0.12150000,2.08840000,36.38000000,0.00986000,0.00306000,0.40660000,5.97900000,0.13170000,0.49390000,0.00183000,0.07960000,0.34710000,1.20900000,0.00162600,0.06199000,0.01026000,0.00252400,0.86290000,0.00007620,0.03786000,38.01000000,0.15308000,25.68000000,0.00368000,0.15840000,
0.04291000,0.29040000,0.00187900,3.08100000,0.19230000,16.89400000,8033.31000000,0.00031870,0.00290000,0.00916000,73.70000000,0.00216710,0.03250000,0.08681000,3.04350000,6.44420000,199.43000000,0.02999000,0.00632000,0.00719000,0.00053990,0.29030000,0.00461500,0.19160000,4.05370000,51.00000000,0.02143000,0.00584000,0.67290000,10.05000000,0.22660000,0.76550000,0.00401000,0.11110000,0.60560000,1.89300000,0.00250400,0.11028000,0.01465000,0.00469800,1.09360000,0.00008520,0.04969000,56.44000000,0.20385000,42.83000000,0.00572000,0.22490000,
0.04561000,0.31970000,0.00202100,3.34700000,0.20910000,18.90200000,8531.88000000,0.00035970,0.00326000,0.00782000,84.59000000,0.00227940,0.03500000,0.10094000,3.50750000,7.73460000,217.81000000,0.03232000,0.00645000,0.00707000,0.00061070,0.28750000,0.00504900,0.21060000,3.85900000,57.70000000,0.01935000,0.00624000,0.72060000,11.31000000,0.24230000,0.84100000,0.00436000,0.12810000,0.68230000,2.02800000,0.00271300,0.11707000,0.01643000,0.00542700,1.11760000,0.00009320,0.05582000,64.53000000,0.22696000,49.10000000,0.00585000,0.23000000,
0.06145000,0.45940000,0.00234800,4.79400000,0.27590000,22.84520000,9936.40000000,0.00049070,0.00419000,0.01195000,108.09000000,0.00267720,0.04490000,0.13120000,4.37780000,9.74390000,274.48000000,0.04342000,0.00960000,0.01035000,0.00075010,0.40330000,0.00643200,0.27770000,4.23650000,79.52000000,0.02229000,0.00845000,0.97630000,14.29400000,0.32700000,1.13890000,0.00558000,0.16800000,0.89250000,2.49100000,0.00324600,0.14149000,0.02133000,0.00695500,1.44390000,0.00011250,0.07299000,85.05000000,0.28298000,63.32000000,0.00778000,0.28780000,
0.06146000,0.34500000,0.00277500,4.38200000,0.26320000,23.31930000,9917.27000000,0.00055460,0.00429000,0.00914000,110.73000000,0.00275220,0.04350000,0.12425000,4.38120000,9.56370000,258.85000000,0.04650000,0.01070000,0.01092000,0.00082580,0.35000000,0.00668200,0.27740000,4.45660000,74.67000000,0.02011000,0.00944000,1.07000000,14.62500000,0.34190000,1.18200000,0.00596000,0.19020000,0.90130000,2.49300000,0.00327400,0.13454000,0.02223000,0.00708100,1.38090000,0.00011660,0.07437000,87.80000000,0.29224000,60.00000000,0.00774000,0.29840000,
0.06188000,0.34110000,0.00166000,4.75700000,0.27280000,24.38000000,10151.75000000,0.00047270,0.00423000,0.00954000,128.51000000,0.00322350,0.04430000,0.13362000,5.01110000,11.70250000,228.49000000,0.04946000,0.01099000,0.00902000,0.00080030,0.43800000,0.00759800,0.32260000,3.49450000,77.00000000,0.02197000,0.00973000,0.96930000,14.20100000,0.36090000,1.13230000,0.00634000,0.16210000,0.91880000,2.69700000,0.00333300,0.12284000,0.02206000,0.00682500,1.11000000,0.00012430,0.07327000,87.59000000,0.28257000,71.33000000,0.00792000,0.29590000,
0.05570000,0.25280000,0.00138000,4.40300000,0.22400000,18.43330000,9331.51000000,0.00039400,0.00340000,0.00741000,114.29000000,0.00244060,0.03690000,0.11230000,4.21450000,11.36580000,188.44000000,0.03940000,0.00921000,0.00781000,0.00067190,0.31760000,0.00609000,0.30830000,2.82670000,69.93000000,0.01903000,0.00799000,0.82740000,12.01600000,0.30760000,0.96800000,0.00526000,0.14190000,0.78520000,2.26200000,0.00252800,0.10545000,0.01909000,0.00622900,0.95940000,0.00011360,0.06345000,74.89000000,0.25093000,66.36000000,0.00620000,0.23950000,
0.04477000,0.23780000,0.00127200,4.47800000,0.21170000,17.49900000,8615.00000000,0.00034820,0.00336000,0.00862000,111.01000000,0.00228540,0.03680000,0.08741000,3.64860000,9.19000000,167.86000000,0.03889000,0.00965000,0.00713000,0.00063470,0.17380000,0.00538400,0.24570000,2.57640000,56.24000000,0.01645000,0.00813000,0.68990000,10.79700000,0.26840000,0.79050000,0.00508000,0.10540000,0.64700000,1.93500000,0.00250000,0.10222000,0.01684000,0.00573000,0.87180000,0.00010350,0.05841000,63.97000000,0.23131000,53.65000000,0.00512000,0.23050000,
0.04200000,0.24000000,0.00130800,4.51600000,0.21390000,17.38800000,8701.70000000,0.00035290,0.00337000,0.00785000,104.92000000,0.00239820,0.03800000,0.07361000,3.61150000,8.52680000,166.79000000,0.03771000,0.00958000,0.00759000,0.00067520,0.14620000,0.00548300,0.24620000,2.62120000,57.60000000,0.01643000,0.00704000,0.67980000,11.24500000,0.26180000,0.79980000,0.00480000,0.10690000,0.65420000,1.93100000,0.00246000,0.11260000,0.01665000,0.00586200,0.88890000,0.00009590,0.06004000,65.17000000,0.23558000,51.56000000,0.00511000,0.23120000,
0.03792000,0.22830000,0.00133300,4.25300000,0.19020000,15.33660000,8184.98000000,0.00032630,0.00346000,0.00842000,66.19000000,0.00219630,0.03610000,0.07214000,3.21070000,5.57650000,146.54000000,0.03987000,0.01017000,0.00845000,0.00068130,0.12150000,0.00536100,0.19130000,2.23830000,51.43000000,0.01496000,0.00671000,0.63290000,10.27100000,0.23820000,0.69430000,0.00464000,0.10500000,0.61650000,1.75400000,0.00245200,0.09589000,0.01503000,0.00552300,0.84470000,0.00009280,0.04905000,59.19000000,0.21539000,35.52000000,0.00478000,0.21820000,
0.03460000,0.22940000,0.00141000,4.20000000,0.18740000,14.05320000,7358.75000000,0.00028810,0.00349000,0.00909000,51.17000000,0.00206960,0.03960000,0.07637000,2.68650000,4.87840000,135.37000000,0.03847000,0.01051000,0.00888000,0.00067080,0.11350000,0.00491600,0.17180000,1.79570000,43.30000000,0.01483000,0.00734000,0.66040000,9.02000000,0.23400000,0.63670000,0.00466000,0.09980000,0.54830000,1.63100000,0.00241200,0.09421000,0.01353000,0.00546500,0.88720000,0.00009230,0.04544000,53.69000000,0.19453000,30.81000000,0.00463000,0.18610000,
0.03412000,0.23170000,0.00154800,4.25300000,0.19180000,14.10400000,7388.24000000,0.00028900,0.00375000,0.00943000,44.54000000,0.00203290,0.04490000,0.08172000,2.68590000,4.64340000,134.36000000,0.04297000,0.01143000,0.00878000,0.00064710,0.11820000,0.00505700,0.16800000,1.89760000,43.08000000,0.01474000,0.00740000,0.66000000,9.20100000,0.24630000,0.63730000,0.00479000,0.10130000,0.54470000,1.66600000,0.00247600,0.08720000,0.01370000,0.00557600,1.00010000,0.00009300,0.04619000,46.50000000,0.19653000,29.14000000,0.00471000,0.19700000,
0.03436000,0.24700000,0.00160500,4.25700000,0.17300000,13.77980000,7501.44000000,0.00030120,0.00399000,0.01154000,44.16000000,0.00208080,0.04050000,0.08134000,2.53440000,4.19290000,132.09000000,0.04996000,0.01016000,0.00999000,0.00066220,0.12470000,0.00543300,0.16610000,1.91810000,41.82000000,0.01614000,0.00907000,0.68060000,8.88000000,0.24510000,0.65120000,0.00511000,0.10430000,0.55700000,1.68200000,0.00270900,0.09692000,0.01489000,0.00551400,0.86410000,0.00009710,0.04723000,47.34000000,0.19649000,29.09000000,0.00494000,0.19150000,
0.03649000,0.26610000,0.00177200,4.49400000,0.18330000,14.39490000,7118.59000000,0.00031310,0.00398000,0.01126000,50.80000000,0.00213630,0.04170000,0.08645000,2.56310000,3.80560000,142.46000000,0.04795000,0.01198000,0.00968000,0.00066130,0.12600000,0.00520000,0.18720000,2.07080000,43.44000000,0.01422000,0.00960000,0.74300000,8.91400000,0.27940000,0.70180000,0.00494000,0.10260000,0.59450000,1.75700000,0.00257300,0.09555000,0.01395000,0.00556900,0.72110000,0.00009600,0.05097000,50.80000000,0.21735000,32.89000000,0.00514000,0.20720000,
0.03872000,0.29340000,0.00186500,3.92100000,0.18860000,15.61210000,7510.11000000,0.00032050,0.00547000,0.01296000,51.77000000,0.00219710,0.05380000,0.09073000,2.74010000,3.89770000,150.44000000,0.06571000,0.01273000,0.01057000,0.00072000,0.13550000,0.00593200,0.20640000,2.05280000,45.56000000,0.04150000,0.01006000,0.83450000,9.03100000,0.30840000,0.74790000,0.00759000,0.11800000,0.64020000,1.74300000,0.00286800,0.08330000,0.01461000,0.00712700,0.58070000,0.00010780,0.05580000,53.68000000,0.22909000,29.25000000,0.00646000,0.23670000,
0.03956000,0.26510000,0.00185900,3.81300000,0.19500000,15.42970000,7390.89000000,0.00030850,0.00477000,0.01200000,53.08000000,0.00226480,0.04180000,0.06047000,2.77370000,3.92880000,150.73000000,0.05600000,0.01282000,0.01067000,0.00078910,0.13380000,0.00542000,0.20490000,2.16380000,47.45000000,0.02661000,0.00916000,0.88500000,9.24600000,0.31310000,0.74710000,0.00545000,0.11390000,0.63590000,1.78300000,0.00275500,0.07470000,0.01591000,0.00710300,0.60940000,0.00010300,0.05723000,53.38000000,0.22477000,27.93000000,0.00516000,0.25940000,
0.03498000,0.20240000,0.00179900,3.08300000,0.20260000,14.99640000,6903.28000000,0.00029080,0.00374000,0.01085000,50.89000000,0.00223300,0.03490000,0.05243000,2.41150000,3.70230000,139.96000000,0.03709000,0.00964000,0.00945000,0.00076390,0.12520000,0.00449900,0.20120000,2.22160000,43.86000000,0.01515000,0.00856000,0.75400000,8.97100000,0.28610000,0.73440000,0.00531000,0.10500000,0.56290000,1.60500000,0.00259100,0.06860000,0.01370000,0.00524400,0.57620000,0.00011290,0.05546000,47.44000000,0.21989000,27.26000000,0.00456000,0.23510000,
0.04501000,0.26740000,0.00230000,3.89500000,0.27490000,20.19400000,8502.40000000,0.00042510,0.00444000,0.01434000,67.67000000,0.00262580,0.05240000,0.06634000,3.39580000,4.61390000,183.82000000,0.04569000,0.01285000,0.01330000,0.00097250,0.16460000,0.00647500,0.25660000,2.91000000,59.22000000,0.01432000,0.01204000,0.91890000,12.05500000,0.39120000,1.02480000,0.00590000,0.14530000,0.81970000,2.13000000,0.00334400,0.08836000,0.01874000,0.00765800,0.76700000,0.00017170,0.07157000,61.73000000,0.26311000,35.78000000,0.00659000,0.27610000,
0.04384000,0.26740000,0.00231500,4.19200000,0.24440000,20.43330000,9039.47000000,0.00044690,0.00421000,0.01507000,71.41000000,0.00275650,0.05570000,0.06350000,3.58280000,5.03650000,188.96000000,0.04049000,0.01385000,0.01315000,0.00097210,0.16750000,0.00615300,0.26690000,2.77700000,63.65000000,0.01571000,0.01256000,1.04400000,11.01600000,0.40200000,1.00640000,0.00575000,0.15110000,0.85180000,2.18500000,0.00341000,0.08954000,0.01934000,0.00573900,0.79770000,0.00018750,0.07892000,63.78000000,0.27894000,37.58000000,0.00605000,0.30740000,
0.04168000,0.26390000,0.00241300,3.38300000,0.23090000,20.18740000,9194.71000000,0.00045460,0.00438000,0.01592000,71.16000000,0.00258610,0.05980000,0.06598000,3.27020000,4.87650000,181.54000000,0.04025000,0.01194000,0.01341000,0.00090500,0.16610000,0.00672300,0.26840000,2.66050000,58.29000000,0.01354000,0.01277000,0.85170000,11.05000000,0.41110000,0.96050000,0.00553000,0.15860000,0.89640000,2.13200000,0.00347000,0.09281000,0.01964000,0.00423400,0.79320000,0.00018140,0.06863000,63.25000000,0.29024000,37.03000000,0.00597000,0.29400000,
0.04216000,0.21810000,0.00214500,3.19600000,0.24000000,19.28880000,9529.93000000,0.00046540,0.00419000,0.01680000,71.85000000,0.00264000,0.05180000,0.06458000,3.32810000,4.77350000,183.75000000,0.03999000,0.01180000,0.01279000,0.00093500,0.16490000,0.00605400,0.27230000,2.66460000,59.78000000,0.01402000,0.01300000,0.84990000,11.50200000,0.37700000,0.96750000,0.00518000,0.17320000,0.97960000,2.31100000,0.00338000,0.09640000,0.01910000,0.00412300,0.79560000,0.00015260,0.06514000,59.67000000,0.29818000,37.32000000,0.00568000,0.28790000,
0.03946000,0.22400000,0.00228200,2.90200000,0.22650000,18.49970000,8223.35000000,0.00041840,0.00438000,0.01587000,69.16000000,0.00271510,0.06080000,0.05646000,2.92250000,4.50130000,175.22000000,0.04000000,0.01147000,0.01254000,0.00090600,0.15700000,0.00441200,0.27000000,2.44440000,54.85000000,0.01376000,0.01235000,0.80660000,7.30300000,0.32200000,0.81180000,0.00562000,0.13360000,0.58540000,1.71900000,0.00339000,0.08575000,0.01550000,0.00336400,0.81220000,0.00014270,0.06320000,56.40000000,0.29386000,36.32000000,0.00520000,0.33100000,
0.04127000,0.25100000,0.00238000,2.86500000,0.20340000,18.25600000,8275.01000000,0.00043720,0.00506000,0.01702000,70.41000000,0.00243170,0.07110000,0.06359000,3.10270000,4.74040000,180.99000000,0.04280000,0.01214000,0.01322000,0.00080430,0.16570000,0.00490500,0.27800000,2.48600000,56.46000000,0.01494000,0.01320000,0.77170000,7.29600000,0.35320000,0.82570000,0.00608000,0.14830000,0.63660000,1.79100000,0.00352000,0.08620000,0.01606000,0.00358400,0.84100000,0.00015080,0.06136000,53.25000000,0.27726000,36.90000000,0.00571000,0.29680000,
0.03881000,0.21300000,0.00229100,2.64200000,0.18590000,15.06880000,7854.25000000,0.00040950,0.00435000,0.01654000,69.31000000,0.00226770,0.05670000,0.06065000,2.90580000,4.48740000,170.10000000,0.03760000,0.01035000,0.01368000,0.00069040,0.16520000,0.00510700,0.26750000,2.16690000,54.41000000,0.01016000,0.01321000,0.71610000,7.14000000,0.34910000,0.87470000,0.00495000,0.14460000,0.60460000,1.69400000,0.00338000,0.08412000,0.01450000,0.00335100,0.87130000,0.00013620,0.05839000,54.71000000,0.25552000,35.57000000,0.00577000,0.21140000,
0.03715000,0.22500000,0.00213800,2.19500000,0.15860000,15.19990000,8043.82000000,0.00042480,0.00432000,0.01589000,68.86000000,0.00218540,0.06160000,0.05584000,2.77790000,4.54240000,169.24000000,0.03510000,0.01084000,0.01271000,0.00063900,0.16300000,0.00468400,0.25890000,1.70020000,53.82000000,0.01087000,0.01230000,0.71620000,7.12600000,0.33790000,0.79450000,0.00508000,0.12440000,0.58460000,1.62900000,0.00327000,0.08195000,0.01327000,0.00333900,0.81530000,0.00016600,0.05791000,55.82000000,0.24024000,37.74000000,0.00500000,0.20120000,
0.04892000,0.30000000,0.00287900,2.91100000,0.19150000,20.36020000,10028.87000000,0.00054930,0.00563000,0.01959000,90.64000000,0.00256200,0.08520000,0.06802000,3.81220000,5.99260000,211.20000000,0.05320000,0.01460000,0.01364000,0.00082020,0.20070000,0.00645700,0.27850000,1.81570000,72.23000000,0.01252000,0.01513000,0.89740000,9.06800000,0.41290000,1.06940000,0.00724000,0.17490000,0.79670000,2.09600000,0.00423000,0.10297000,0.01681000,0.00403500,1.10200000,0.00023270,0.06830000,73.00000000,0.27653000,46.13000000,0.00663000,0.23610000,
0.04664000,0.32800000,0.00299500,3.43300000,0.17400000,20.29010000,10302.01000000,0.00057660,0.00532000,0.02017000,88.89000000,0.00242600,0.09070000,0.07242000,4.07630000,6.24960000,189.03000000,0.05990000,0.01572000,0.01207000,0.00079720,0.20080000,0.00687900,0.24860000,1.61040000,70.04000000,0.01283000,0.01580000,0.90540000,9.06200000,0.41670000,1.04650000,0.00763000,0.17620000,0.75710000,2.06900000,0.00432000,0.10570000,0.01552000,0.00371600,1.07380000,0.00022510,0.05825000,75.45000000,0.26022000,46.63000000,0.00689000,0.16490000,
0.04657000,0.38500000,0.00300700,2.72700000,0.17570000,22.41110000,10381.18000000,0.00057200,0.00557000,0.02165000,87.62000000,0.00245850,0.11370000,0.08260000,3.78000000,6.64800000,181.19000000,0.05360000,0.01674000,0.01190000,0.00081490,0.20050000,0.00693200,0.24440000,1.82750000,70.36000000,0.01387000,0.01714000,0.92540000,9.26200000,0.42800000,1.07260000,0.00875000,0.17750000,0.75800000,2.12200000,0.00464000,0.11124000,0.01576000,0.00399600,1.06540000,0.00024970,0.06105000,77.15000000,0.26205000,48.28000000,0.00686000,0.16170000,
0.04425000,0.38800000,0.00302000,2.12900000,0.18120000,21.42480000,9724.98000000,0.00052610,0.00570000,0.02024000,79.32000000,0.00246030,0.13130000,0.07047000,3.25620000,6.23720000,170.74000000,0.04880000,0.01617000,0.01234000,0.00079120,0.20910000,0.00698900,0.24020000,1.76860000,65.89000000,0.01217000,0.01743000,0.97320000,8.76300000,0.42340000,1.08110000,0.00835000,0.18150000,0.71440000,2.09500000,0.00470000,0.11268000,0.01550000,0.00409500,1.11100000,0.00030600,0.06212000,71.34000000,0.25593000,45.21000000,0.00704000,0.16080000,
0.04949000,0.53800000,0.00376000,2.61700000,0.19170000,26.08880000,10142.69000000,0.00061540,0.00738000,0.02701000,91.26000000,0.00262370,0.17000000,0.06758000,3.55100000,7.13000000,186.54000000,0.06260000,0.01520000,0.01383000,0.00082110,0.22310000,0.00830600,0.26660000,2.07800000,72.10000000,0.01373000,0.02271000,1.02880000,9.66200000,0.47590000,1.23530000,0.01008000,0.19600000,0.80460000,2.53600000,0.00617000,0.12343000,0.01744000,0.00448100,1.25360000,0.00031490,0.06940000,80.60000000,0.26954000,50.15000000,0.00786000,0.17930000,
0.05061000,0.67600000,0.00447000,2.97100000,0.18450000,27.89770000,10306.78000000,0.00064380,0.00784000,0.03067000,94.78000000,0.00269500,0.21700000,0.06456000,3.69250000,5.57290000,194.33000000,0.06700000,0.01601000,0.01320000,0.00081800,0.19950000,0.00877100,0.24720000,2.50510000,76.25000000,0.01390000,0.01984000,1.03220000,9.83900000,0.44890000,1.25140000,0.01088000,0.18040000,0.78040000,2.54500000,0.00579000,0.11776000,0.01777000,0.00449500,1.26000000,0.00034130,0.07072000,87.75000000,0.28320000,52.62000000,0.00786000,0.17520000,
0.05472000,0.81900000,0.00491000,3.55200000,0.20780000,30.24390000,11549.97000000,0.00069890,0.00834000,0.02499000,106.53000000,0.00288740,0.11770000,0.07105000,4.20280000,5.83110000,216.42000000,0.07580000,0.01817000,0.01386000,0.00095660,0.20400000,0.00924800,0.26870000,2.41500000,89.93000000,0.01603000,0.01995000,1.12460000,11.10000000,0.44180000,1.42520000,0.01123000,0.21120000,0.90100000,2.77500000,0.00724000,0.11765000,0.02071000,0.00511400,1.32260000,0.00030480,0.07820000,92.30000000,0.30316000,59.91000000,0.00898000,0.19370000,
0.05605000,0.70500000,0.00570000,3.59200000,0.23590000,27.38340000,10929.23000000,0.00076150,0.00846000,0.02070000,106.10000000,0.00292220,0.11170000,0.08008000,4.21400000,6.09540000,221.79000000,0.07800000,0.02159000,0.01695000,0.00101770,0.23790000,0.00987200,0.28370000,2.50990000,92.64000000,0.01022000,0.02099000,1.17050000,11.88000000,0.55010000,1.52360000,0.00965000,0.23910000,0.95890000,3.01700000,0.00650000,0.12549000,0.02229000,0.00532000,1.35770000,0.00037070,0.08183000,87.76000000,0.31813000,65.73000000,0.01005000,0.21150000,
0.05936000,0.57700000,0.00572000,3.61200000,0.25710000,27.75550000,9541.54000000,0.00078860,0.00907000,,107.86000000,0.00279320,0.15760000,0.08489000,4.28070000,5.90720000,211.62000000,0.09020000,0.02551000,0.01777000,0.00110630,0.25900000,0.00922100,0.28440000,2.21560000,90.00000000,0.01179000,0.02509000,1.35450000,11.23800000,0.53320000,1.53650000,0.01071000,0.23190000,0.97490000,2.90700000,0.00725000,0.12388000,0.02233000,0.00564500,1.35280000,,0.08400000,80.18000000,0.31218000,68.72000000,0.01026000,0.22770000,
0.06107000,0.69200000,,4.21800000,0.24820000,30.43880000,10589.45000000,0.00100990,0.01098000,,118.32000000,0.00304680,,0.08803000,4.32880000,6.25490000,225.38000000,0.10280000,0.02082000,0.01944000,0.00130240,0.26900000,0.00918500,0.31480000,2.53190000,99.70000000,0.01345000,0.02700000,1.24970000,12.95400000,0.59420000,1.72320000,0.01255000,0.24390000,1.03000000,3.23200000,0.00707000,0.12195000,0.02916000,0.00608700,1.46510000,,0.09111000,84.10000000,0.33075000,75.37000000,0.01130000,0.24360000,
0.05923000,0.81900000,,3.80500000,0.24640000,28.54470000,10174.18000000,0.00100900,0.01140000,,123.01000000,0.00291750,,0.10468000,4.10000000,5.64200000,225.85000000,0.10450000,0.02160000,0.01925000,0.00133240,0.28630000,0.00747200,0.30440000,2.78560000,89.66000000,0.01431000,0.02941000,1.01420000,12.02100000,0.62860000,1.55690000,0.01285000,0.24830000,0.89480000,3.06500000,0.00769000,0.10251000,0.02516000,0.00565400,1.47680000,,0.08547000,86.23000000,0.30366000,82.29000000,0.01224000,0.22000000,
0.07970000,1.06500000,,5.39800000,0.29830000,32.93440000,11406.24000000,0.00144680,0.01580000,,157.52000000,0.00353770,,0.12492000,5.92780000,7.95600000,304.72000000,0.14510000,0.02504000,0.02550000,0.00170980,0.35430000,0.01313900,0.39490000,3.27500000,119.48000000,0.01759000,0.04016000,1.34040000,17.18800000,0.94540000,2.39110000,0.01597000,0.36300000,1.38660000,4.84200000,0.00975000,0.11906000,0.03464000,0.00745600,2.05110000,,0.10555000,106.99000000,0.39651000,106.45000000,0.01722000,0.29860000,
0.08226000,1.44900000,,5.44300000,0.29450000,32.11400000,10854.10000000,0.00132970,0.01710000,,157.31000000,,,0.12163000,5.79260000,7.77280000,292.70000000,0.15270000,0.02592000,,0.00195000,0.30520000,0.01254400,0.39060000,3.38850000,123.25000000,0.02217000,0.04060000,1.23710000,16.74700000,0.80730000,2.48050000,0.01922000,0.37740000,1.43660000,4.93400000,0.00918000,0.11526000,0.03200000,0.00819600,1.82080000,,0.10495000,88.71000000,0.39620000,103.30000000,0.01660000,0.29890000,
0.09700000,1.93400000,,6.83800000,0.32590000,37.28360000,10906.07000000,0.00135390,0.01698000,,174.30000000,,,0.13668000,7.27120000,9.29790000,308.52000000,0.17660000,0.02290000,,0.00180830,0.33790000,0.01216600,0.44990000,1.81690000,137.50000000,0.02104000,0.04573000,1.50860000,16.85900000,0.93560000,2.26450000,0.02110000,0.43810000,1.54550000,3.88900000,0.01111000,0.13024000,0.03757000,0.00721800,2.36360000,,0.12817000,116.01000000,0.47015000,110.25000000,0.02020000,0.34410000,
0.09189000,,,6.69200000,0.33490000,32.18880000,8953.33000000,0.00138300,0.01879000,,155.81000000,,,0.14806000,6.97030000,8.68270000,267.73000000,0.20050000,0.02680000,,0.00171510,0.36620000,0.01171800,0.44440000,1.66210000,136.45000000,0.02240000,0.06430000,1.56900000,13.98500000,0.96160000,2.12710000,0.02160000,0.42960000,1.44550000,3.65100000,0.01199000,0.12727000,0.03281000,0.00725700,2.42490000,,0.12958000,95.99000000,0.42703000,93.51000000,0.02512000,0.34730000,
0.07887000,,,5.82600000,0.31780000,30.09500000,7628.13000000,0.00115770,0.01848000,,141.99000000,,,0.14465000,6.13900000,8.11710000,230.98000000,0.20480000,,,0.00174100,0.35300000,0.01085700,0.40550000,1.05950000,114.66000000,0.02537000,0.04067000,1.50810000,11.47500000,0.89420000,1.89000000,0.02426000,0.41550000,1.32520000,2.91600000,0.01330000,0.12906000,0.02963000,0.00722900,2.27350000,,0.11845000,83.38000000,0.38527000,77.35000000,0.02193000,0.31320000,
0.09630000,,,6.38800000,0.35860000,33.15270000,8725.98000000,0.00162000,0.01735000,,165.09000000,,,0.16895000,7.71880000,9.52870000,268.88000000,0.20000000,,,0.00223980,0.43010000,0.01294700,0.48910000,1.01550000,114.39000000,0.02012000,0.04747000,1.78090000,14.11000000,0.79270000,2.35370000,0.02104000,0.44950000,1.50170000,3.60800000,0.01465000,0.14100000,0.03822000,0.00772400,2.65460000,,0.13639000,94.77000000,0.44396000,88.86000000,0.02176000,0.34050000,
0.08514000,,,4.48100000,0.34970000,33.09190000,8614.43000000,0.00142980,0.01419000,,161.96000000,,,0.15900000,6.85110000,7.60040000,264.45000000,0.17410000,,,0.00205260,0.37860000,0.01291600,0.40570000,1.08280000,111.00000000,0.02419000,0.05716000,1.71860000,11.83600000,0.76830000,2.05890000,,0.47040000,1.40670000,3.06200000,0.01756000,0.12353000,0.03070000,0.00752300,2.67900000,,0.13160000,91.30000000,0.40372000,75.32000000,0.01953000,0.32470000,
0.08613000,,,4.85200000,0.38130000,29.11220000,8148.48000000,0.00104470,0.01727000,,172.14000000,,,0.15288000,6.45810000,7.76500000,259.51000000,0.20590000,,,0.00151620,0.38220000,0.01238500,0.42190000,0.99340000,94.58000000,0.02018000,0.04674000,1.80220000,11.65500000,0.70780000,2.09950000,,0.40750000,1.41850000,3.14000000,,0.11620000,0.02825000,0.00787900,2.53180000,,0.14264000,90.09000000,0.41631000,77.60000000,0.01753000,0.33660000,
0.07022000,,,3.75000000,0.35450000,20.89340000,6967.31000000,0.00065110,0.00892000,,125.22000000,,,0.14166000,5.33190000,5.83190000,188.11000000,0.11470000,,,0.00120630,0.32430000,0.01268600,0.29970000,0.65860000,84.73000000,0.00530000,0.03454000,1.60990000,9.32300000,0.64520000,1.64820000,,0.36470000,1.15600000,2.42100000,,0.08633000,0.02376000,0.00611100,2.42560000,,0.09823000,75.66000000,0.31016000,60.67000000,0.01584000,0.27370000,
0.06603000,,,4.83700000,0.35830000,22.97770000,5775.62000000,0.00062250,0.00918000,,118.63000000,,,0.14573000,4.87900000,5.72130000,163.05000000,0.12190000,,,0.00128200,0.33520000,0.01081300,0.28260000,0.50580000,75.70000000,0.00372000,0.03800000,1.40780000,9.23500000,0.67350000,1.56850000,,0.41330000,1.08200000,2.45200000,,0.08753000,0.02319000,0.00642700,2.08460000,,0.09700000,66.52000000,0.30044000,59.59000000,0.01579000,0.26710000,
0.06878000,,,,0.40550000,23.02260000,5307.52000000,0.00064940,0.01125000,,110.73000000,,,0.15627000,4.74380000,5.62960000,157.85000000,0.14670000,,,0.00127500,0.35500000,0.01086400,0.26990000,0.45100000,69.89000000,0.00442000,0.04575000,1.55390000,9.36000000,0.72210000,1.53030000,,0.44390000,1.11740000,2.37700000,,0.09979000,0.02334000,0.00608300,2.09420000,,0.09850000,62.07000000,0.29946000,60.60000000,0.01748000,0.27910000,
0.07330000,,,,0.43750000,23.99990000,5256.14000000,0.00071520,0.01747000,,121.19000000,,,0.18542000,5.19870000,5.88220000,168.59000000,0.23280000,,,0.00137340,0.35710000,0.01380000,0.30120000,0.49630000,76.65000000,,0.05582000,1.67050000,10.50300000,0.83410000,1.84880000,,0.54010000,1.22050000,2.70300000,,0.11400000,0.02476000,0.00675600,2.58930000,,0.11095000,68.29000000,0.31963000,67.91000000,0.02091000,0.31460000,
0.08416000,,,,0.30530000,19.38660000,5131.30000000,0.00077720,0.01768000,,122.57000000,,,,5.54220000,6.41240000,167.23000000,0.19060000,,,0.00124500,0.37920000,0.01390000,0.31470000,0.52250000,83.28000000,,,1.56840000,11.26700000,0.81380000,1.97760000,,0.54860000,1.35750000,2.93000000,,0.12112000,0.02686000,0.00690600,2.75660000,,0.11720000,66.25000000,0.32762000,69.60000000,0.02096000,0.32260000,
0.08980000,,,,0.29920000,18.95230000,5170.27000000,0.00078380,0.01857000,,135.11000000,,,,5.42070000,7.66270000,174.21000000,0.20270000,,,0.00132000,0.43790000,0.01624900,0.35790000,0.57730000,91.55000000,,,1.40500000,12.84400000,0.95000000,2.34190000,,0.64200000,1.53130000,3.61300000,,,0.02889000,0.00760900,2.95770000,,0.13226000,69.34000000,0.36120000,74.37000000,0.02470000,0.35370000,
0.06989000,,,,0.28810000,17.53760000,4103.95000000,0.00076310,0.01967000,,110.70000000,,,,4.18930000,4.82450000,141.38000000,0.19730000,,,0.00115330,0.35370000,0.00988700,0.30630000,0.50840000,60.48000000,,,,10.09500000,0.84130000,,,0.59980000,1.30670000,2.92800000,,,0.02344000,0.00609200,2.78370000,,0.10824000,56.07000000,0.30889000,58.65000000,0.02034000,0.32450000,
0.06151000,,,,0.20890000,17.10960000,3992.18000000,0.00078370,,,,,,,3.63140000,4.82340000,136.09000000,0.20840000,,,0.00115550,0.33820000,0.00856100,0.30730000,0.45310000,59.82000000,,,,9.12400000,0.63010000,,,0.62610000,1.24370000,2.59500000,,,0.02324000,0.00575100,2.74360000,,0.10437000,52.64000000,0.30787000,57.21000000,0.02007000,0.29080000,
0.04983000,,,,0.19310000,15.56930000,3981.14000000,0.00085720,,,,,,,3.73760000,4.41480000,138.67000000,0.23610000,,,0.00117300,0.33140000,,0.29540000,0.47850000,60.47000000,,,,9.18600000,0.57620000,,,0.64480000,1.11790000,2.50200000,,,0.02290000,0.00519600,2.73510000,,0.10896000,52.36000000,0.31540000,,0.01802000,0.26390000,
0.04557000,,,,0.19560000,14.37110000,3916.82000000,0.00075280,,,,,,,3.69350000,4.30940000,135.37000000,0.25500000,,,0.00109400,0.35400000,,0.28130000,0.49810000,56.59000000,,,,8.76400000,0.52310000,,,0.51510000,0.95420000,2.12900000,,,0.02285000,0.00469200,2.73040000,,0.10028000,,0.31289000,,0.01785000,0.26960000,
0.04206000,,,,,11.45110000,3807.75000000,0.00080010,,,,,,,3.51580000,4.24230000,130.60000000,0.36390000,,,0.00107660,0.28010000,,0.28380000,0.42050000,47.86000000,,,,8.62000000,0.41270000,,,0.55220000,0.87630000,2.04400000,,,0.02248000,0.00439800,2.65200000,,0.08750000,,0.31114000,,0.01680000,0.24020000,
0.04156000,,,,,9.94760000,3743.56000000,0.00086870,,,,,,,3.52890000,4.08620000,132.10000000,,,,0.00112780,0.23240000,,0.27810000,0.40500000,43.75000000,,,,8.90800000,0.40020000,,,0.63980000,0.97840000,2.00200000,,,0.02327000,0.00433600,2.63700000,,0.08185000,,0.29757000,,0.01674000,,
0.04157000,,,,,9.22000000,3667.58000000,0.00089920,,,,,,,2.87620000,4.17380000,133.75000000,,,,,0.23310000,,0.27800000,0.46040000,43.91000000,,,,8.38100000,0.42370000,,,0.77660000,0.64690000,1.96600000,,,0.02378000,0.00411800,2.60940000,,0.07964000,,0.30318000,,,,
0.04290000,,,,,9.16970000,3680.06000000,0.00087700,,,,,,,2.83930000,4.15840000,125.12000000,,,,,0.22220000,,0.28180000,0.44990000,46.79000000,,,,7.96700000,0.40960000,,,,0.58710000,1.95600000,,,0.02579000,0.00402200,2.72000000,,0.08022000,,0.30988000,,,,
0.03824000,,,,,6.78870000,3458.11000000,0.00061300,,,,,,,2.37070000,3.89830000,107.36000000,,,,,0.18660000,,0.25170000,0.39630000,33.44000000,,,,7.01600000,0.39370000,,,,0.53910000,1.82100000,,,0.02542000,0.00386000,2.82110000,,0.08012000,,0.30219000,,,,
0.04087000,,,,,7.03960000,3550.84000000,,,,,,,,2.35220000,4.20640000,112.05000000,,,,,0.21980000,,0.26710000,0.43030000,32.21000000,,,,7.33600000,0.42100000,,,,0.59900000,1.99200000,,,0.02902000,0.00413600,2.67260000,,0.09430000,,0.30646000,,,,
0.04287000,,,,,6.40080000,3539.28000000,,,,,,,,2.32660000,4.20980000,117.47000000,,,,,0.22820000,,0.29530000,0.48340000,30.64000000,,,,7.45200000,0.39480000,,,,0.58830000,2.02500000,,,0.02355000,0.00394700,2.50710000,,0.10289000,,0.31680000,,,,
0.03944000,,,,,5.46880000,3476.81000000,,,,,,,,2.20920000,4.13950000,114.16000000,,,,,0.21310000,,0.27860000,,29.59000000,,,,6.98400000,0.36460000,,,,0.56380000,2.00800000,,,0.02085000,0.00369800,,,0.10102000,,0.31132000,,,,
0.04822000,,,,,6.26880000,3987.60000000,,,,,,,,2.80920000,5.38500000,153.86000000,,,,,0.28190000,,0.37030000,,38.30000000,,,,8.46300000,0.43500000,,,,0.64030000,2.29100000,,,0.02249000,0.00424500,,,0.11871000,,0.36042000,,,,
0.04263000,,,,,5.89390000,3801.91000000,,,,,,,,2.63490000,5.20480000,137.77000000,,,,,0.24100000,,0.34900000,,31.38000000,,,,7.95500000,0.41270000,,,,0.61080000,2.27500000,,,0.01961000,0.00415000,,,0.11556000,,0.36489000,,,,
0.04369000,,,,,5.95900000,3929.71000000,,,,,,,,2.77740000,4.84270000,129.03000000,,,,,0.26090000,,0.35730000,,32.97000000,,,,7.54700000,0.47310000,,,,0.74100000,2.73000000,,,0.02056000,0.00464100,,,0.12454000,,0.36690000,,,,
0.02900000,,,,,4.61600000,3228.67000000,,,,,,,,1.90400000,3.61100000,84.67000000,,,,,0.18710000,,0.22030000,,25.52000000,,,,5.67500000,0.40490000,,,,0.45500000,1.72100000,,,0.01293000,0.00339000,,,0.09569000,,0.28669000,,,,
0.03110000,,,,,4.76930000,3545.37000000,,,,,,,,1.98550000,3.90690000,93.26000000,,,,,0.21770000,,0.23220000,,25.37000000,,,,6.30500000,0.41110000,,,,0.56400000,1.63600000,,,0.01341000,0.00400000,,,0.12121000,,0.30914000,,,,
0.04187000,,,,,5.28880000,4161.01000000,,,,,,,,2.86050000,5.18790000,116.57000000,,,,,0.27390000,,0.29310000,,33.82000000,,,,8.01100000,0.52060000,,,,0.82100000,2.12400000,,,0.01499000,0.00496000,,,0.16101000,,0.36963000,,,,
0.03832000,,,,,5.28730000,4085.78000000,,,,,,,,3.40500000,4.84930000,118.67000000,,,,,0.24440000,,0.29230000,,31.49000000,,,,7.84100000,0.50030000,,,,0.87500000,2.10300000,,,0.01252000,0.00477000,,,0.16293000,,0.38200000,,,,
0.06234000,,,,,8.08320000,5662.00000000,,,,,,,,4.64250000,7.52340000,178.97000000,,,,,0.42220000,,0.41100000,,42.61000000,,,,12.68600000,0.77860000,,,,1.35700000,3.12100000,,,0.01896000,0.00773000,,,0.25333000,,0.51611000,,,,
0.07700000,,,,,9.56110000,6449.81000000,,,,,,,,5.48860000,9.30410000,212.54000000,,,,,0.58270000,,0.48480000,,51.46000000,,,,16.18000000,1.07550000,,,,1.64300000,3.89400000,,,0.02299000,0.01019000,,,0.27712000,,0.51019000,,,,
0.07730000,,,,,9.81900000,6485.85000000,,,,,,,,5.54420000,9.56960000,212.11000000,,,,,0.65060000,,0.50110000,,54.60000000,,,,16.89700000,1.12290000,,,,1.73300000,4.00900000,,,0.02369000,0.01091000,,,0.24596000,,0.46999000,,,,
0.07364000,,,,,9.72070000,6489.93000000,,,,,,,,5.43420000,9.62860000,204.99000000,,,,,0.65050000,,0.48190000,,52.07000000,,,,16.21700000,1.12310000,,,,1.77500000,4.05400000,,,0.02358000,0.01100000,,,0.23453000,,0.46472000,,,,
0.07721000,,,,,9.93110000,6590.11000000,,,,,,,,5.51250000,9.76390000,207.49000000,,,,,0.70310000,,0.49800000,,53.61000000,,,,16.79500000,1.14980000,,,,1.84500000,4.27200000,,,0.02458000,0.01150000,,,0.24731000,,0.46458000,,,,
0.07170000,,,,,9.58950000,6339.34000000,,,,,,,,5.21490000,9.50810000,197.01000000,,,,,0.62130000,,0.48580000,,52.61000000,,,,15.81400000,1.12800000,,,,1.80600000,3.47800000,,,0.02387000,0.01144000,,,0.21102000,,0.40994000,,,,
0.08464000,,,,,10.58520000,6615.26000000,,,,,,,,5.76300000,10.95000000,226.14000000,,,,,0.67600000,,0.57500000,,58.33000000,,,,18.20700000,1.18620000,,,,1.93800000,3.85300000,,,0.02699000,0.01310000,,,0.24535000,,0.48269000,,,,
0.08511000,,,,,10.01720000,6626.57000000,,,,,,,,5.72570000,11.32030000,232.94000000,,,,,0.65570000,,0.56770000,,61.21000000,,,,18.93600000,1.20290000,,,,2.00600000,3.86600000,,,0.02227000,0.01291000,,,0.25990000,,0.58257000,,,,
0.08986000,,,,,10.29070000,6708.00000000,,,,,,,,6.02630000,11.60000000,244.50000000,,,,,0.70620000,,0.61140000,,61.38000000,,,,19.56200000,1.21670000,,,,2.07900000,4.14300000,,,0.02381000,0.01397000,,,0.28163000,,0.57190000,,,,
0.06988000,,,,,9.93990000,6505.00000000,,,,,,,,5.40900000,11.20480000,220.17000000,,,,,0.63990000,,0.57810000,,56.75000000,,,,17.96000000,1.18410000,,,,1.82800000,3.46000000,,,0.01994000,0.01412000,,,0.20580000,,0.28122000,,,,
0.07601000,,,,,9.53990000,6250.81000000,,,,,,,,4.94490000,11.21000000,195.81000000,,,,,0.62000000,,0.55460000,,54.74000000,,,,18.42000000,1.25150000,,,,1.84300000,3.59700000,,,0.01932000,0.01443000,,,0.19024000,,0.27660000,,,,
0.10499000,,,,,11.36840000,7302.01000000,,,,,,,,6.63660000,13.40310000,295.41000000,,,,,0.92890000,,0.71880000,,66.21000000,,,,22.11600000,1.77000000,,,,2.50500000,4.75800000,,,0.02568000,0.01786000,,,0.22600000,,0.34253000,,,,
0.09306000,,,,,10.21580000,6700.00000000,,,,,,,,4.94970000,12.44570000,274.29000000,,,,,0.91700000,,0.57320000,,56.99000000,,,,17.51300000,1.53400000,,,,2.38500000,4.12700000,,,0.02273000,0.01530000,,,0.21300000,,0.32276000,,,,
0.10143000,,,,,10.13880000,6477.53000000,,,,,,,,5.28430000,13.30350000,299.42000000,,,,,0.67140000,,0.53730000,,57.67000000,,,,19.50500000,1.50590000,,,,2.35900000,4.61000000,,,0.02205000,0.01431000,,,0.22785000,,0.34201000,,,,
0.11153000,,,,,11.79990000,6308.33000000,,,,,,,,4.96530000,13.18440000,317.89000000,,,,,0.68480000,,0.53760000,,59.32000000,,,,18.49700000,1.65610000,,,,1.49800000,4.60200000,,,0.02248000,0.00907000,,,0.22344000,,0.29547000,,,,
0.13024000,,,,,13.64000000,7024.19000000,,,,,,,,7.03730000,17.68700000,408.79000000,,,,,0.89030000,,0.90510000,,74.61000000,,,,27.57600000,1.86270000,,,,2.27700000,6.52400000,,,0.03025000,0.01401000,,,0.24310000,,0.43450000,,,,
0.16268000,,,,,13.95690000,8211.00000000,,,,,,,,8.31480000,16.88790000,466.40000000,,,,,1.28590000,,1.00860000,,83.85000000,,,,33.39500000,2.62630000,,,,3.21000000,7.72900000,,,0.03905000,0.02646000,,,0.30793000,,0.45315000,,,,
0.16916000,,,,,12.18850000,7394.79000000,,,,,,,,7.84880000,16.14490000,457.47000000,,,,,1.36050000,,0.97770000,,82.21000000,,,,33.12900000,,,,,3.24300000,7.81500000,,,0.03510000,,,,0.28310000,,0.44859000,,,,
0.14227000,,,,,12.32100000,6353.01000000,,,,,,,,7.40750000,16.63650000,449.78000000,,,,,1.36440000,,0.99810000,,78.54000000,,,,33.56400000,,,,,3.44300000,7.84800000,,,0.03437000,,,,0.22118000,,0.44681000,,,,
0.14481000,,,,,14.01000000,6712.10000000,,,,,,,,8.68270000,18.34470000,486.77000000,,,,,1.72600000,,1.07790000,,82.22000000,,,,39.04500000,,,,,4.53000000,8.89000000,,,0.03677000,,,,0.21033000,,0.47915000,,,,
0.14211000,,,,,14.37000000,6356.81000000,,,,,,,,8.11640000,16.03580000,452.10000000,,,,,1.64800000,,1.06750000,,79.95000000,,,,31.27300000,,,,,5.09200000,8.54000000,,,0.03665000,,,,0.19989000,,0.46222000,,,,
0.13093000,,,,,14.41740000,6136.97000000,,,,,,,,8.06000000,14.79200000,454.41000000,,,,,1.57230000,,0.97320000,,80.37000000,,,,31.08000000,,,,,5.08000000,8.04700000,,,0.04205000,,,,0.19277000,,0.47331000,,,,
0.16044000,,,,,16.59870000,6449.61000000,,,,,,,,10.33880000,14.23990000,497.14000000,,,,,1.98350000,,1.17160000,,94.95000000,,,,38.56000000,,,,,6.14900000,10.42100000,,,0.04234000,,,,0.22814000,,0.52617000,,,,
0.17346000,,,,,14.18000000,6764.99000000,,,,,,,,11.73130000,,524.11000000,,,,,,,1.37490000,,106.48000000,,,,45.32400000,,,,,6.86000000,11.35000000,,,,,,,0.24402000,,0.58201000,,,,
0.22659000,,,,,14.69950000,7714.26000000,,,,,,,,14.53040000,,619.66000000,,,,,,,1.80450000,,125.33000000,,,,56.38900000,,,,,,14.64800000,,,,,,,0.30405000,,0.69010000,,,,
0.19186000,,,,,12.60460000,7338.99000000,,,,,,,,,,570.40000000,,,,,,,,,117.71000000,,,,52.93000000,,,,,,13.14300000,,,,,,,,,0.60416000,,,,
0.25556000,,,,,14.16660000,8526.98000000,,,,,,,,,,716.16000000,,,,,,,,,139.64000000,,,,63.70300000,,,,,,16.75900000,,,,,,,,,0.69940000,,,,
0.27718000,,,,,13.15150000,8679.71000000,,,,,,,,,,729.08000000,,,,,,,,,144.24000000,,,,67.34000000,,,,,,17.19900000,,,,,,,,,0.72999000,,,,
0.34654000,,,,,14.01200000,9659.01000000,,,,,,,,,,794.30000000,,,,,,,,,172.32000000,,,,83.76600000,,,,,,22.88000000,,,,,,,,,0.86483000,,,,
0.36254000,,,,,15.04890000,9419.00000000,,,,,,,,,,690.85000000,,,,,,,,,153.50000000,,,,90.60000000,,,,,,23.00100000,,,,,,,,,,,,,
0.28160000,,,,,12.88880000,8787.02000000,,,,,,,,,,620.92000000,,,,,,,,,146.38000000,,,,73.61500000,,,,,,19.10700000,,,,,,,,,,,,,
,,,,,13.09890000,8355.00000000,,,,,,,,,,533.88000000,,,,,,,,,132.45000000,,,,70.61700000,,,,,,16.81100000,,,,,,,,,,,,,
,,,,,12.13110000,7018.00000000,,,,,,,,,,400.40000000,,,,,,,,,117.55000000,,,,49.37000000,,,,,,13.39900000,,,,,,,,,,,,,
,,,,,11.07670000,6813.01000000,,,,,,,,,,378.58000000,,,,,,,,,114.74000000,,,,47.25000000,,,,,,13.32600000,,,,,,,,,,,,,
,,,,,12.95000000,8470.15000000,,,,,,,,,,523.74000000,,,,,,,,,160.01000000,,,,65.52100000,,,,,,17.95800000,,,,,,,,,,,,,
,,,,,8.96480000,8189.99000000,,,,,,,,,,537.00000000,,,,,,,,,153.50000000,,,,65.20000000,,,,,,,,,,,,,,,,,,,
,,,,,8.26800000,9533.57000000,,,,,,,,,,720.85000000,,,,,,,,,188.16000000,,,,90.44500000,,,,,,,,,,,,,,,,,,,
,,,,,10.41390000,11515.00000000,,,,,,,,,,866.66000000,,,,,,,,,213.19000000,,,,119.30000000,,,,,,,,,,,,,,,,,,,
,,,,,9.35000000,9590.00000000,,,,,,,,,,841.19000000,,,,,,,,,217.78000000,,,,116.78900000,,,,,,,,,,,,,,,,,,,
,,,,,10.66310000,10383.43000000,,,,,,,,,,911.00000000,,,,,,,,,213.66000000,,,,125.12100000,,,,,,,,,,,,,,,,,,,
,,,,,8.67400000,8063.88000000,,,,,,,,,,808.99000000,,,,,,,,,148.28000000,,,,101.70700000,,,,,,,,,,,,,,,,,,,
,,,,,8.35110000,8184.81000000,,,,,,,,,,823.56000000,,,,,,,,,147.09000000,,,,107.02500000,,,,,,,,,,,,,,,,,,,
,,,,,13.77390000,11879.95000000,,,,,,,,,,1251.96000000,,,,,,,,,196.74000000,,,,154.10100000,,,,,,,,,,,,,,,,,,,
,,,,,14.13340000,11530.00000000,,,,,,,,,,1049.00000000,,,,,,,,,190.16000000,,,,132.58900000,,,,,,,,,,,,,,,,,,,
,,,,,20.45410000,13474.99000000,,,,,,,,,,1347.00000000,,,,,,,,,234.12000000,,,,170.00000000,,,,,,,,,,,,,,,,,,,
,,,,,18.59400000,16150.03000000,,,,,,,,,,1123.09000000,,,,,,,,,269.01000000,,,,103.09600000,,,,,,,,,,,,,,,,,,,
,,,,,8.53000000,13716.36000000,,,,,,,,,,733.98000000,,,,,,,,,223.69000000,,,,74.85300000,,,,,,,,,,,,,,,,,,,
,,,,,5.18100000,13500.00000000,,,,,,,,,,658.00000000,,,,,,,,,262.90000000,,,,58.34000000,,,,,,,,,,,,,,,,,,,
,,,,,5.99900000,18860.02000000,,,,,,,,,,707.64000000,,,,,,,,,311.40000000,,,,67.18700000,,,,,,,,,,,,,,,,,,,
,,,,,2.46190000,14899.98000000,,,,,,,,,,427.35000000,,,,,,,,,,,,,32.59800000,,,,,,,,,,,,,,,,,,,
,,,,,2.26170000,11165.41000000,,,,,,,,,,460.30000000,,,,,,,,,,,,,36.58900000,,,,,,,,,,,,,,,,,,,
,,,,,1.83880000,9128.02000000,,,,,,,,,,462.84000000,,,,,,,,,,,,,37.81000000,,,,,,,,,,,,,,,,,,,
,,,,,1.60000000,8038.00000000,,,,,,,,,,354.15000000,,,,,,,,,,,,,,,,,,,,,,,,,,,,,,,,
,,,,,1.49000000,5811.03000000,,,,,,,,,,305.24000000,,,,,,,,,,,,,,,,,,,,,,,,,,,,,,,,
,,,,,,7345.01000000,,,,,,,,,,295.53000000,,,,,,,,,,,,,,,,,,,,,,,,,,,,,,,,
,,,,,,6169.98000000,,,,,,,,,,305.00000000,,,,,,,,,,,,,,,,,,,,,,,,,,,,,,,,
,,,,,,5950.02000000,,,,,,,,,,293.79000000,,,,,,,,,,,,,,,,,,,,,,,,,,,,,,,,
,,,,,,5709.99000000,,,,,,,,,,337.96000000,,,,,,,,,,,,,,,,,,,,,,,,,,,,,,,,
,,,,,,4640.00000000,,,,,,,,,,311.07000000,,,,,,,,,,,,,,,,,,,,,,,,,,,,,,,,
,,,,,,4378.48000000,,,,,,,,,,303.95000000,,,,,,,,,,,,,,,,,,,,,,,,,,,,,,,,
,,,,,,3660.02000000,,,,,,,,,,282.00000000,,,,,,,,,,,,,,,,,,,,,,,,,,,,,,,,
,,,,,,3699.99000000,,,,,,,,,,257.55000000,,,,,,,,,,,,,,,,,,,,,,,,,,,,,,,,
,,,,,,4130.37000000,,,,,,,,,,293.50000000,,,,,,,,,,,,,,,,,,,,,,,,,,,,,,,,
,,,,,,4509.08000000,,,,,,,,,,341.77000000,,,,,,,,,,,,,,,,,,,,,,,,,,,,,,,,
,,,,,,4310.01000000,,,,,,,,,,348.13000000,,,,,,,,,,,,,,,,,,,,,,,,,,,,,,,,
,,,,,,4086.29000000,,,,,,,,,,299.10000000,,,,,,,,,,,,,,,,,,,,,,,,,,,,,,,,
