ADABUSD,ALGOBUSD,ATOMBUSD,BATBUSD,BCHBUSD,BNBBUSD,BNTBUSD,BTCBUSD,BTTBUSD,DASHBUSD,ENJBUSD,EOSBUSD,ETCBUSD,ETHBUSD,ICXBUSD,LINKBUSD,LTCBUSD,NANOBUSD,NEOBUSD,ONTBUSD,QTUMBUSD,RVNBUSD,TOMOBUSD,TRXBUSD,VETBUSD,WAVESBUSD,XLMBUSD,XMRBUSD,XRPBUSD,XTZBUSD,ZECBUSD
1.76870000,1.51520000,28.73100000,1.41590000,1430.00000000,662.54000000,8.13440000,58305.56000000,0.00736900,407.36000000,2.43780000,10.53890000,118.00500000,3928.37000000,2.64110000,52.32100000,388.25000000,9.48750000,119.65000000,2.69350000,27.40500000,0.16863000,2.72220000,0.14310000,0.23400000,31.65300000,0.62792000,483.42000000,1.53600000,7.11540000,305.88000000,
1.32790000,1.38870000,23.12200000,1.25720000,973.17000000,622.19000000,6.97340000,56610.08000000,0.00698480,315.38000000,2.62960000,6.53260000,44.90500000,2951.33000000,2.50850000,39.53900000,268.92000000,10.09650000,106.89100000,1.88380000,15.24400000,0.18866000,2.48480000,0.12762000,0.21500000,23.77600000,0.55586000,405.95000000,1.56150000,5.61410000,243.43000000,
1.09110000,1.09550000,18.71800000,1.02670000,759.49000000,505.66000000,5.77320000,49115.04000000,0.00642000,247.19000000,2.03260000,5.00660000,29.32000000,2322.82000000,1.73230000,31.75800000,223.88000000,7.03600000,79.55900000,1.33610000,11.90000000,0.13000000,1.86710000,0.10184000,0.16842000,12.88300000,0.41669000,356.03000000,1.03680000,4.45120000,202.49000000,
1.27934000,1.46160000,21.48100000,1.35120000,975.15000000,482.24460000,7.02530000,56252.24000000,0.00805000,318.12000000,2.69593000,7.29420000,37.23990000,2239.93000000,2.35760000,39.18070000,273.89000000,11.42530000,119.86800000,2.37240000,18.37900000,0.19707000,2.65170000,0.14338000,0.25401300,13.60550000,0.54554000,338.91000000,1.41001000,6.18700000,260.33000000,
1.26304000,1.52300000,23.36700000,1.43940000,689.10000000,525.48230000,7.08220000,59963.16000000,0.00844250,286.56000000,3.11306000,6.72300000,20.35310000,2149.98000000,2.57180000,33.88220000,252.22000000,5.83230000,63.88900000,1.96750000,14.91900000,0.18680000,3.28440000,0.12206000,0.13917200,15.60840000,0.58498000,328.44000000,1.35070000,6.44310000,222.20000000,
1.18207000,1.30930000,21.53800000,1.17770000,560.60000000,348.95700000,7.61380000,58203.64000000,0.01026590,270.57000000,2.40695000,6.28010000,14.54610000,2075.95000000,2.61340000,30.73060000,202.26000000,5.36610000,54.59800000,1.75290000,10.75600000,0.18618000,3.19440000,0.12756000,0.09236400,12.19220000,0.42852000,263.81000000,0.63514000,5.13520000,187.11000000,
1.18965000,1.23480000,19.26200000,1.11990000,497.05000000,268.49800000,7.12280000,55764.78000000,0.00360910,207.84000000,2.51457000,4.11190000,11.86710000,1686.63000000,2.34150000,26.65680000,184.18000000,4.53630000,44.77300000,1.51820000,8.20400000,0.19954000,2.58570000,0.06363000,0.09082700,11.79200000,0.39746000,232.55000000,0.54545000,4.22190000,144.82000000,
1.18648000,1.17930000,20.50800000,1.12510000,523.84000000,264.80000000,8.03070000,57387.45000000,0.00362470,220.93000000,2.43360000,4.15530000,11.98870000,1783.74000000,1.93830000,29.24940000,195.46000000,4.99460000,42.49100000,1.18390000,6.58600000,0.21736000,2.83530000,0.06335000,0.09384500,9.95460000,0.40351000,231.99000000,0.51650000,4.16960000,148.29000000,
1.05376000,1.11820000,18.46900000,0.76760000,551.88000000,263.27670000,7.89120000,59001.01000000,0.00168430,231.20000000,2.32932000,3.93250000,12.71430000,1848.29000000,1.74000000,28.55000000,214.19000000,5.07190000,39.62000000,1.06630000,5.83400000,0.17984000,2.52630000,0.05103000,0.06616600,9.74120000,0.38839000,232.37000000,0.43901000,3.93060000,143.26000000,
1.13085000,1.10680000,19.46000000,0.69450000,516.68000000,239.91610000,8.45000000,50989.04000000,0.00125320,214.55000000,1.41178000,3.82960000,11.54430000,1727.07000000,1.95420000,28.58540000,190.80000000,5.19080000,39.35800000,1.04790000,6.34700000,0.15813000,2.77300000,0.05173000,0.05672600,10.12780000,0.41231000,208.81000000,0.46549000,4.19000000,130.05000000,
1.31525000,1.02430000,17.66500000,0.52950000,461.01000000,210.58090000,4.82300000,45226.61000000,0.00114710,197.12000000,0.57748000,3.48140000,10.38300000,1421.69000000,1.39550000,24.73330000,165.54000000,4.95530000,35.32600000,0.84500000,4.85700000,0.13044000,1.70150000,0.04572000,0.03978200,8.90260000,0.40641000,219.55000000,0.41633000,3.43000000,111.40000000,
1.09986000,1.30910000,21.56000000,0.60720000,707.00000000,295.45450000,6.56380000,57465.09000000,0.00174280,301.71000000,0.57323000,5.10610000,15.66980000,1934.90000000,2.04560000,34.14310000,227.42000000,6.84010000,54.93700000,1.41510000,7.12400000,0.20750000,1.98710000,0.05936000,0.05483800,12.37750000,0.49605000,247.39000000,0.54518000,4.67950000,161.89000000,
0.84402000,1.47250000,19.11300000,0.55880000,721.93000000,135.97490000,3.53440000,48631.27000000,0.00114090,230.38000000,0.55155000,5.06800000,16.07480000,1802.09000000,1.47020000,33.19460000,213.76000000,5.84750000,44.06100000,1.16720000,6.99600000,0.07292000,2.15010000,0.05524000,0.05229100,11.83000000,0.51673000,230.00000000,0.59275000,4.86590000,156.42000000,
0.66224000,0.84770000,13.86200000,0.40770000,445.69000000,68.52780000,2.41350000,38870.21000000,0.00050010,118.39000000,0.38101000,3.44210000,8.29490000,1614.42000000,0.82720000,24.76850000,150.94000000,3.58410000,24.57100000,0.69400000,4.22800000,0.03190000,1.64480000,0.03600000,0.02911800,8.07840000,0.38625000,150.42000000,0.41901000,3.31210000,92.48000000,
0.34497000,0.65350000,8.14300000,0.30210000,399.87000000,44.39160000,1.87530000,33111.96000000,0.00038220,102.38000000,0.34314000,2.93380000,7.41830000,1313.69000000,0.72060000,22.61170000,129.51000000,3.44440000,22.26800000,0.58000000,3.27300000,0.02454000,1.25570000,0.03154000,0.02540400,6.53300000,0.30727000,137.98000000,0.49589000,2.84660000,85.63000000,
0.35382000,0.56260000,8.25900000,0.31900000,439.91000000,41.87000000,1.85500000,32290.80000000,0.00037840,106.40000000,0.42134000,2.71500000,7.63530000,1393.92000000,0.76190000,24.82030000,141.09000000,3.37230000,24.49900000,0.61190000,3.55100000,0.01721000,1.29690000,0.03004000,0.03072400,6.99420000,0.27125000,138.18000000,0.27344000,3.04750000,90.16000000,
0.38088000,0.58670000,8.54000000,0.27270000,479.25000000,45.85710000,1.79750000,35833.58000000,0.00035860,123.84000000,0.23109000,2.76410000,7.69240000,1232.24000000,0.66220000,23.25940000,142.73000000,3.40470000,23.80100000,0.66910000,3.18000000,0.01735000,1.32500000,0.03020000,0.02718100,7.34280000,0.30416000,159.67000000,0.27749000,2.97480000,102.17000000,
0.30179000,0.45700000,6.41500000,0.25740000,600.19000000,42.44850000,1.57490000,38162.04000000,0.00042950,146.79000000,0.18546000,3.05630000,8.84490000,1254.59000000,0.63570000,16.21000000,170.13000000,3.21410000,24.94900000,0.65370000,3.38600000,0.01681000,1.15690000,0.03276000,0.02703400,6.50660000,0.28475000,184.75000000,0.31491000,2.76020000,96.73000000,
0.20663000,0.42570000,5.84300000,0.21750000,424.74000000,41.30020000,1.40390000,33071.12000000,0.00031330,89.71000000,0.13538000,2.80420000,6.57310000,980.14000000,0.48640000,13.71000000,161.24000000,1.71350000,16.05200000,0.50360000,2.46900000,0.01406000,0.81810000,0.02955000,0.02635500,5.56940000,0.13692000,138.45000000,0.22573000,2.13550000,59.30000000,
0.15436000,0.31830000,4.81600000,0.20820000,337.33000000,33.61880000,1.29440000,26254.23000000,0.00029750,107.26000000,0.13669000,2.71290000,5.80140000,684.17000000,0.40030000,12.13650000,127.71000000,1.11930000,15.07200000,0.44900000,2.27000000,0.01322000,0.68640000,0.02886000,0.01650900,6.36950000,0.14497000,156.86000000,0.28382000,2.00020000,66.88000000,
0.16215000,0.34020000,5.03000000,0.23210000,349.40000000,34.31590000,1.30850000,23481.66000000,0.00033630,109.37000000,0.15285000,3.13900000,6.49700000,638.54000000,0.42830000,13.07020000,114.68000000,1.08560000,17.54500000,0.55280000,2.81200000,0.01467000,0.78470000,0.03122000,0.01631500,7.18960000,0.17681000,152.83000000,0.55591000,2.26880000,73.79000000,
0.15397000,0.30920000,5.19700000,0.21320000,275.86000000,29.13000000,1.04480000,19167.62000000,0.00031930,97.55000000,0.14361000,2.85130000,6.11790000,590.67000000,0.38610000,12.94270000,82.22000000,1.09040000,17.30000000,0.51780000,2.54800000,0.01368000,0.70890000,0.02921000,0.01646500,8.64260000,0.17624000,152.02000000,0.51344000,2.22900000,68.05000000,
0.15876000,0.33630000,5.22000000,0.23720000,286.50000000,29.50940000,1.02890000,19370.88000000,0.00034530,102.29000000,0.15231000,2.99980000,6.16590000,601.94000000,0.41400000,13.50960000,83.62000000,1.08980000,17.91900000,0.55630000,2.65200000,0.01460000,0.72500000,0.03094000,0.01714900,8.41590000,0.17533000,134.43000000,0.62111000,2.32540000,74.68000000,
0.16650000,0.31660000,5.43400000,0.23610000,285.43000000,30.10000000,0.98480000,18195.48000000,0.00031840,107.91000000,0.14402000,3.03060000,6.40030000,576.67000000,0.40550000,13.39120000,78.94000000,1.17670000,17.69700000,0.56740000,2.72900000,0.01414000,0.66120000,0.03074000,0.01519800,7.05500000,0.19452000,123.94000000,0.60550000,2.36230000,75.24000000,
0.14609000,0.29770000,5.46800000,0.21980000,289.30000000,30.05730000,1.11030000,18435.63000000,0.00031340,90.08000000,0.14474000,3.06810000,6.03610000,560.89000000,0.39000000,14.52750000,83.03000000,0.85060000,17.14300000,0.55270000,2.55500000,0.01351000,0.75340000,0.02878000,0.01389100,7.09000000,0.10444000,123.79000000,0.44646000,2.28280000,68.77000000,
0.10050000,0.25700000,4.99300000,0.19400000,240.58000000,27.68770000,0.74400000,15968.15000000,0.00029050,75.17000000,0.14392000,2.49680000,5.02770000,448.55000000,0.34160000,12.12820000,62.34000000,0.73430000,15.29600000,0.46250000,1.97200000,0.01282000,0.57960000,0.02534000,0.01100800,4.38020000,0.08015000,114.98000000,0.26982000,2.01640000,61.30000000,
0.10659000,0.26700000,4.82200000,0.19850000,270.99000000,28.44720000,0.65850000,15488.13000000,0.00029580,68.31000000,0.13704000,2.53860000,5.18440000,454.66000000,0.35090000,12.72480000,61.04000000,0.78210000,15.41300000,0.47130000,2.03200000,0.01241000,0.59530000,0.02537000,0.01112100,3.51860000,0.08180000,120.33000000,0.25390000,2.08950000,60.79000000,
0.09829000,0.25870000,4.73900000,0.19020000,268.16000000,28.54420000,0.60840000,13768.97000000,0.00029670,68.53000000,0.12672000,2.52020000,5.24300000,396.92000000,0.33770000,11.57790000,55.61000000,0.73980000,14.92200000,0.45320000,2.00800000,0.01110000,0.55620000,0.02573000,0.01048500,3.22350000,0.07863000,127.02000000,0.24011000,1.99610000,57.96000000,
0.10638000,0.30260000,5.29400000,0.21570000,271.36000000,30.16790000,0.89940000,13041.86000000,0.00032780,70.91000000,0.14402000,2.70990000,5.56070000,406.24000000,0.37030000,12.15750000,58.90000000,0.84730000,17.87600000,0.53700000,2.24300000,0.01229000,0.64000000,0.02699000,0.01178000,3.27690000,0.08299000,131.28000000,0.25330000,2.16630000,62.72000000,
0.10743000,0.31500000,5.76000000,0.21380000,249.50000000,30.66520000,1.13590000,11507.76000000,0.00034270,67.34000000,0.15018000,2.54530000,5.23180000,378.35000000,0.38540000,10.95180000,47.54000000,0.81860000,17.46100000,0.55650000,2.21800000,0.01274000,0.70780000,0.02592000,0.01163800,3.05520000,0.07950000,124.53000000,0.24237000,2.22780000,64.48000000,
0.10651000,0.33120000,6.07600000,0.22170000,239.11000000,28.51460000,1.10500000,11371.42000000,0.00034730,71.81000000,0.15888000,2.65720000,5.42830000,374.25000000,0.39600000,10.86090000,50.49000000,0.83120000,17.83900000,0.59290000,2.35900000,0.01416000,0.72680000,0.02657000,0.01146800,2.44750000,0.07729000,126.00000000,0.25550000,2.25100000,72.44000000,
0.09685000,0.31230000,5.31800000,0.22360000,221.01000000,28.97290000,1.18140000,10669.49000000,0.00033020,66.52000000,0.15240000,2.51810000,5.15870000,352.40000000,0.39440000,9.39450000,46.70000000,0.76490000,18.12600000,0.59500000,2.30100000,0.01325000,0.91670000,0.02644000,0.01165000,2.37090000,0.07286000,105.47000000,0.24798000,2.11150000,63.17000000,
0.10132000,0.32020000,4.72200000,0.22900000,229.24000000,26.22740000,0.94140000,10774.39000000,0.00030340,68.92000000,0.16977000,2.58720000,5.44570000,357.53000000,0.41450000,10.79360000,46.06000000,0.82560000,21.13600000,0.66060000,2.36600000,0.01459000,0.76870000,0.02658000,0.01272500,2.48610000,0.07321000,97.07000000,0.24320000,2.17610000,55.71000000,
0.08937000,0.32770000,4.68100000,0.23730000,226.22000000,26.31250000,0.85620000,10916.66000000,0.00032920,70.63000000,0.16021000,2.66930000,5.08760000,370.82000000,0.45850000,9.72640000,47.09000000,0.79990000,23.56600000,0.71180000,2.51700000,0.01536000,0.64020000,0.02694000,0.01445000,2.43400000,0.07700000,92.76000000,0.24632000,2.21950000,57.56000000,
0.09503000,0.37680000,5.30400000,0.25740000,222.17000000,31.14220000,1.10880000,10332.30000000,0.00034000,75.19000000,0.16136000,2.72430000,5.05420000,366.43000000,0.47820000,12.03060000,48.15000000,0.87470000,20.34200000,0.76940000,2.64100000,0.01704000,0.66970000,0.03066000,0.01278700,3.07570000,0.08001000,86.01000000,0.24201000,2.62080000,62.52000000,
0.09261000,0.37530000,5.18000000,0.25800000,227.83000000,23.13660000,1.17880000,10256.89000000,0.00034150,70.52000000,0.15937000,2.90080000,5.15520000,352.83000000,0.44640000,12.83700000,47.92000000,0.83890000,17.18900000,0.64480000,2.42500000,0.01698000,0.66490000,0.03141000,0.01233000,2.47680000,0.07780000,80.37000000,0.23972000,2.55000000,59.23000000,
0.11748000,0.51770000,7.62600000,0.34590000,279.17000000,23.61240000,1.86130000,11711.10000000,0.00045870,88.38000000,0.21814000,3.26120000,6.69200000,428.87000000,0.61320000,16.48930000,62.91000000,1.17110000,20.67300000,0.89120000,3.44300000,0.02254000,1.09120000,0.02698000,0.01707100,3.37250000,0.09821000,96.26000000,0.28295000,3.38540000,81.10000000,
0.12152000,0.61250000,8.51700000,0.40230000,284.73000000,21.85990000,1.92000000,11651.37000000,0.00041690,91.20000000,0.22060000,3.31980000,6.76270000,390.83000000,0.61450000,15.11140000,60.49000000,1.30810000,18.17400000,0.88850000,3.98900000,0.02318000,1.07550000,0.02439000,0.01793100,3.48250000,0.10299000,91.45000000,0.28497000,3.51860000,84.46000000,
0.13887000,0.62910000,6.22700000,0.32390000,308.39000000,23.52920000,2.23150000,11915.38000000,0.00051750,94.90000000,0.21439000,3.87980000,7.25000000,433.69000000,0.53450000,18.81660000,63.88000000,1.16060000,15.50400000,0.89080000,3.33800000,0.02579000,1.41890000,0.02826000,0.01986400,4.02290000,0.11533000,91.22000000,0.30468000,4.24120000,85.26000000,
0.14542000,0.42490000,5.27300000,0.26730000,300.12000000,22.42510000,2.44890000,11688.44000000,0.00042290,97.65000000,0.22098000,3.03280000,6.88220000,390.40000000,0.42710000,13.80110000,57.01000000,1.05990000,12.99300000,0.79640000,2.71000000,0.02276000,1.28310000,0.02045000,0.02189800,1.94690000,0.10514000,92.71000000,0.28825000,3.69370000,92.10000000,
0.13383000,0.30160000,3.91000000,0.24350000,283.83000000,20.95390000,1.83090000,11071.15000000,0.00038390,85.14000000,0.17451000,2.94220000,7.19000000,372.40000000,0.37400000,8.30100000,56.83000000,0.98090000,12.22900000,0.68970000,2.40900000,0.02061000,0.86270000,0.01908000,0.01614000,1.59640000,0.10282000,85.15000000,0.28782000,2.90040000,84.35000000,
0.14853000,0.32350000,3.82000000,0.25360000,247.53000000,19.57070000,1.43350000,9939.36000000,0.00038970,75.27000000,0.17888000,2.71320000,6.63390000,311.34000000,0.38730000,7.50100000,48.15000000,0.95840000,11.55200000,0.70930000,2.35800000,0.02052000,1.05560000,0.01853000,0.01756300,1.52870000,0.09910000,78.19000000,0.21537000,2.98870000,66.20000000,
0.12403000,0.38920000,4.20100000,0.27470000,227.72000000,18.00000000,1.66140000,9211.93000000,0.00039070,70.22000000,0.20812000,2.58310000,6.09440000,239.09000000,0.42180000,8.08360000,42.64000000,1.01840000,10.64000000,0.74980000,2.34500000,0.02015000,0.89650000,0.01753000,0.01803000,1.44930000,0.10012000,68.88000000,0.19961000,2.98350000,58.48000000,
0.12684000,0.27950000,4.00200000,0.25910000,237.36000000,18.28500000,1.50650000,9301.96000000,0.00041960,72.15000000,0.17639000,2.61800000,6.46140000,242.82000000,0.39490000,7.33550000,44.71000000,1.04020000,10.79000000,0.67430000,2.04000000,0.02012000,0.70850000,0.01817000,0.01816400,1.21040000,0.09529000,69.18000000,0.20108000,2.81930000,58.54000000,
0.09815000,0.21560000,2.93600000,0.24610000,222.20000000,15.48610000,1.35360000,9073.03000000,0.00032510,67.38000000,0.17153000,2.40720000,5.65650000,227.54000000,0.34710000,4.75070000,41.62000000,0.93310000,10.08600000,0.61480000,1.77500000,0.01849000,0.57010000,0.01689000,0.01431800,1.11770000,0.06719000,63.31000000,0.17712000,2.28340000,51.33000000,
0.08011000,0.20770000,2.50900000,0.26370000,222.46000000,15.35560000,0.99660000,9111.79000000,0.00029430,67.64000000,0.15624000,2.36530000,5.75070000,224.80000000,0.28710000,4.55520000,41.30000000,0.97510000,10.03200000,0.59480000,1.61600000,0.01878000,0.50170000,0.01576000,0.00867300,1.13680000,0.06418000,63.28000000,0.17673000,2.36760000,51.75000000,
0.07818000,0.23150000,2.59800000,0.24140000,229.95000000,15.94150000,0.84440000,9280.84000000,0.00029980,69.98000000,0.17036000,2.50980000,6.19930000,227.70000000,0.31760000,4.17090000,42.91000000,1.07310000,10.26800000,0.58320000,1.72800000,0.02040000,0.44210000,0.01579000,0.00860500,1.19630000,0.06833000,64.27000000,0.18578000,2.58040000,50.26000000,
0.07629000,0.23350000,2.76300000,0.22340000,237.21000000,16.54800000,0.83960000,9334.30000000,0.00030120,72.82000000,0.18058000,2.56760000,6.32120000,231.51000000,0.32210000,3.93830000,44.13000000,1.05280000,10.62200000,0.54920000,1.72900000,0.01993000,0.41450000,0.01613000,0.00864600,1.17880000,0.07065000,65.33000000,0.19015000,2.58890000,51.29000000,
0.08656000,0.23240000,3.02200000,0.23410000,253.56000000,17.40990000,0.74170000,9751.76000000,0.00032510,77.95000000,0.19697000,2.81150000,6.83220000,244.65000000,0.33400000,4.33200000,46.50000000,1.04820000,11.76900000,0.57260000,1.80700000,0.02021000,0.41550000,0.01818000,0.00723900,1.13560000,0.07888000,66.35000000,0.20303000,2.88910000,52.31000000,
0.07385000,0.23360000,2.73300000,0.21100000,238.57000000,17.08360000,0.61340000,9441.94000000,0.00029820,76.34000000,0.20612000,2.67130000,6.92670000,231.32000000,0.32560000,4.09360000,45.60000000,0.86640000,10.92900000,0.55090000,1.75100000,0.01962000,0.38660000,0.01582000,0.00625900,1.09220000,0.07048000,65.19000000,0.20247000,2.80000000,51.59000000,
0.05155000,0.19750000,2.50000000,0.19290000,222.78000000,15.95000000,0.39250000,8713.48000000,0.00026740,71.71000000,0.16513000,2.48560000,6.57140000,199.65000000,0.30280000,3.78160000,42.06000000,0.88050000,9.65000000,0.46610000,1.57900000,0.01934000,0.37110000,0.01420000,0.00447200,1.01630000,0.06386000,60.63000000,0.19244000,2.64320000,44.98000000,
0.05130000,0.19740000,2.54400000,0.20450000,240.71000000,16.28020000,0.28200000,9677.28000000,0.00027080,75.04000000,0.16266000,2.61220000,6.65710000,207.01000000,0.27680000,3.78110000,43.59000000,0.73130000,10.14700000,0.47030000,1.54500000,0.01909000,0.38760000,0.01500000,0.00441500,1.04940000,0.06892000,65.06000000,0.20123000,2.62090000,46.18000000,
0.04770000,0.19190000,2.51100000,0.19600000,232.83000000,15.35900000,0.18640000,8726.75000000,0.00025570,72.31000000,0.14227000,2.44560000,6.20880000,187.56000000,0.26400000,3.76640000,42.07000000,0.59770000,9.75200000,0.46250000,1.44400000,0.01900000,0.38500000,0.01426000,0.00418900,0.94870000,0.06423000,58.78000000,0.19721000,2.56100000,40.89000000,
0.04887000,0.20630000,2.78100000,0.18460000,251.84000000,17.11580000,0.20270000,8902.71000000,0.00030030,81.19000000,0.13600000,2.83850000,7.20980000,210.06000000,0.27380000,3.71190000,48.02000000,0.64260000,9.04300000,0.48790000,1.58400000,0.02050000,0.35950000,0.01600000,0.00432300,1.05630000,0.07255000,62.39000000,0.21920000,2.75430000,44.76000000,
0.04595000,0.22550000,2.78600000,0.18420000,246.87000000,16.37960000,0.20230000,7703.16000000,0.00024930,84.15000000,0.14121000,2.74130000,6.22420000,197.61000000,0.29880000,3.72490000,44.60000000,0.59330000,8.65300000,0.49500000,1.52500000,0.01999000,0.34770000,0.01427000,0.00448000,1.03980000,0.06238000,61.45000000,0.19651000,2.77100000,44.59000000,
0.03557000,0.18820000,2.38200000,0.16540000,231.67000000,16.08490000,0.19450000,7131.31000000,0.00023050,80.41000000,0.09943000,2.60330000,5.50040000,180.34000000,0.23740000,3.59560000,42.28000000,0.58340000,7.62500000,0.41090000,1.39500000,0.01720000,0.31590000,0.01292000,0.00390400,1.02170000,0.04888000,57.90000000,0.18925000,2.25400000,46.43000000,
0.03380000,0.17800000,2.30000000,0.16000000,233.10000000,14.28580000,0.18050000,6912.70000000,0.00023210,74.43000000,0.08800000,2.50040000,5.34390000,158.72000000,0.23410000,3.41520000,41.93000000,0.53910000,7.37700000,0.40210000,1.35700000,0.01675000,0.27410000,0.01268000,0.00370000,1.00450000,0.04899000,53.56000000,0.18945000,2.00320000,36.37000000,
0.03199000,0.17180000,2.06000000,0.14670000,231.32000000,13.71430000,0.18340000,6782.53000000,0.00023400,66.83000000,0.09365000,2.35670000,5.04080000,142.98000000,0.23100000,2.27540000,40.49000000,0.59620000,7.02400000,0.38380000,1.25700000,0.01544000,0.26090000,0.01258000,0.00322200,0.94820000,0.04347000,53.75000000,0.17950000,1.66540000,32.56000000,
0.02815000,0.14420000,1.86500000,0.13050000,205.57000000,11.30000000,0.16130000,5883.13000000,0.00020550,60.43000000,0.08132000,2.11760000,4.84390000,124.32000000,0.18030000,2.00880000,37.08000000,0.43590000,6.20000000,0.34680000,1.15300000,0.01353000,0.21360000,0.01067000,0.00274200,0.77160000,0.03782000,44.54000000,0.16281000,1.46640000,28.25000000,
0.02701000,0.14650000,1.92800000,0.12470000,202.71000000,11.18730000,0.15710000,5818.63000000,0.00020400,62.70000000,0.07027000,2.13620000,4.61310000,122.42000000,0.18390000,1.99670000,35.45000000,0.40090000,5.94100000,0.34450000,1.14700000,0.01322000,0.21790000,0.01030000,0.00262000,0.86230000,0.03675000,38.21000000,0.14807000,1.47720000,29.60000000,
0.02709000,0.14720000,1.95600000,0.12350000,177.73000000,10.36110000,0.15220000,5353.66000000,0.00020950,47.43000000,0.05150000,2.04140000,5.04170000,123.56000000,0.18720000,2.08580000,36.32000000,0.41060000,5.96500000,0.34090000,1.20000000,0.01402000,0.20550000,0.01025000,0.00250600,0.86400000,0.03773000,37.88000000,0.15280000,1.53640000,25.63000000,
0.04285000,0.28940000,3.14800000,0.19220000,272.43000000,16.89750000,0.24420000,8035.49000000,0.00031820,73.46000000,0.08585000,3.04390000,6.38250000,199.35000000,0.28990000,4.03970000,50.99000000,0.66760000,10.03300000,0.60700000,1.88700000,0.02300000,0.42850000,0.01464000,0.00469300,1.09640000,0.04958000,56.32000000,0.20370000,2.58180000,42.79000000,
0.04556000,0.31930000,3.36400000,0.20950000,312.60000000,18.92250000,0.26420000,8525.69000000,0.00035820,84.82000000,0.10118000,3.50400000,7.76370000,217.40000000,0.29130000,3.88690000,57.74000000,0.71860000,11.33800000,0.68420000,2.03700000,0.02494000,0.47110000,0.01641000,0.00542700,1.11500000,0.05642000,64.73000000,0.22680000,2.61030000,49.05000000,
0.06169000,,4.84100000,0.27700000,403.21000000,22.93060000,0.34360000,9964.16000000,,108.77000000,0.13164000,4.39010000,9.78310000,275.11000000,0.40090000,4.27030000,79.86000000,0.98290000,14.36700000,0.89900000,2.50000000,0.03182000,,0.02139000,0.00698700,1.45020000,0.07300000,,0.28380000,3.53530000,,
0.06156000,,4.39900000,0.26460000,416.78000000,23.33820000,0.30950000,9922.46000000,,111.22000000,0.12298000,4.39940000,9.60740000,259.18000000,0.35030000,4.47340000,74.83000000,1.06990000,14.69400000,0.90350000,2.49700000,0.03523000,,0.02228000,0.00715200,1.40180000,0.07444000,,0.29309000,3.24840000,,
0.06185000,,,,450.00000000,24.36730000,0.31620000,10163.37000000,,,,5.01290000,11.72080000,228.79000000,0.43640000,3.50390000,77.08000000,,,,2.68800000,,,0.02209000,0.00680000,,0.07327000,,0.28274000,,,
0.05562000,,,,377.15000000,18.40350000,,9321.69000000,,,,4.21760000,11.36770000,188.10000000,,2.82800000,69.86000000,,,,2.25800000,,,0.01908000,0.00622300,,0.06342000,,0.25084000,,,
0.04463000,,,,346.42000000,17.45970000,,8595.94000000,,,,3.63670000,9.15300000,167.55000000,,2.55630000,56.18000000,,,,1.93500000,,,0.01681000,0.00572300,,0.05834000,,0.23132000,,,
0.04198000,,,,338.77000000,17.37140000,,8690.65000000,,,,3.60870000,8.53250000,166.63000000,,2.62070000,57.59000000,,,,1.92800000,,,0.01664000,0.00584400,,0.06002000,,0.23530000,,,
0.03782000,,,,270.53000000,15.32500000,,8180.08000000,,,,3.20900000,5.56230000,145.75000000,,2.21810000,51.40000000,,,,1.74800000,,,0.01503000,0.00552000,,0.04896000,,0.21487000,,,
0.03451000,,,,222.62000000,14.01760000,,7351.42000000,,,,2.68070000,4.83160000,134.99000000,,1.79040000,43.27000000,,,,1.62900000,,,0.01352000,0.00545800,,0.04525000,,0.19434000,,,
0.03416000,,,,212.23000000,14.09900000,,7384.92000000,,,,2.68340000,4.67010000,134.25000000,,1.86880000,43.19000000,,,,1.66500000,,,0.01368000,0.00556400,,0.04629000,,0.19661000,,,
0.03439000,,,,196.34000000,13.78430000,,7504.47000000,,,,2.53550000,4.19560000,132.16000000,,1.91640000,41.86000000,,,,1.67400000,,,0.01490000,0.00552700,,0.04704000,,0.19660000,,,
0.03646000,,,,206.97000000,14.36930000,,7110.00000000,,,,2.55870000,3.80830000,142.36000000,,2.06520000,43.50000000,,,,1.75800000,,,0.01394000,0.00557200,,0.05102000,,0.21770000,,,
0.03871000,,,,212.87000000,15.61630000,,7518.87000000,,,,2.74660000,3.90290000,150.71000000,,2.05490000,45.60000000,,,,1.74700000,,,0.01462000,0.00713400,,0.05569000,,0.22954000,,,
0.03964000,,,,214.64000000,15.44890000,,7396.02000000,,,,2.77440000,3.93200000,151.03000000,,2.15540000,47.53000000,,,,,,,0.01593000,,,0.05739000,,0.22487000,,,
0.03508000,,,,,14.90840000,,6909.78000000,,,,2.41410000,3.68660000,140.02000000,,2.24860000,43.89000000,,,,,,,0.01370000,,,0.05535000,,0.22037000,,,
,,,,,20.13550000,,8499.02000000,,,,3.38870000,4.64540000,183.72000000,,2.91050000,59.14000000,,,,,,,0.01873000,,,,,0.26302000,,,
,,,,,20.47370000,,9040.02000000,,,,3.57970000,5.05380000,189.04000000,,2.76280000,63.75000000,,,,,,,0.01933000,,,,,0.27921000,,,
,,,,,20.17700000,,9199.53000000,,,,,4.88960000,181.78000000,,2.66370000,58.36000000,,,,,,,,,,,,0.29073000,,,
,,,,,19.34640000,,9550.78000000,,,,,4.79060000,184.18000000,,2.67140000,59.77000000,,,,,,,,,,,,0.29864000,,,
,,,,,18.51080000,,8232.05000000,,,,,,,,,,,,,,,,,,,,,,,,
,,,,,18.26000000,,8281.10000000,,,,,,,,,,,,,,,,,,,,,,,,
,,,,,15.20000000,,7848.27000000,,,,,,,,,,,,,,,,,,,,,,,,
,,,,,15.29570000,,8064.00000000,,,,,,,,,,,,,,,,,,,,,,,,
,,,,,20.41810000,,10010.53000000,,,,,,,,,,,,,,,,,,,,,,,,
